#!ascii label  , from subject 003_FS vox2ras=TkReg
1031
123379  -23.192  61.776  6.689 0.0000000000
123380  -23.823  61.884  6.820 0.0000000000
123389  -23.103  61.608  5.893 0.0000000000
123390  -23.824  61.668  6.174 0.0000000000
123399  -22.969  61.575  5.052 0.0000000000
123400  -23.723  61.555  5.358 0.0000000000
123401  -24.476  61.769  5.602 0.0000000000
123410  -22.145  61.765  3.834 0.0000000000
123411  -22.838  61.634  4.251 0.0000000000
123412  -23.564  61.577  4.543 0.0000000000
123413  -24.311  61.682  4.771 0.0000000000
123426  -22.113  61.861  3.050 0.0000000000
123427  -22.773  61.751  3.481 0.0000000000
123428  -23.382  61.681  3.867 0.0000000000
123429  -24.053  61.741  3.953 0.0000000000
123443  -22.757  62.011  2.804 0.0000000000
123444  -23.510  62.055  3.139 0.0000000000
123942  -17.118  62.975  8.500 0.0000000000
123943  -17.873  62.386  8.361 0.0000000000
123946  -20.529  62.633  8.373 0.0000000000
123947  -21.683  62.526  8.208 0.0000000000
123948  -22.745  62.442  8.070 0.0000000000
123949  -23.695  62.630  7.948 0.0000000000
123955  -18.539  62.667  7.708 0.0000000000
123956  -19.352  62.704  7.406 0.0000000000
123957  -20.078  62.603  7.665 0.0000000000
123958  -21.266  62.445  7.572 0.0000000000
123959  -22.427  62.143  7.326 0.0000000000
123960  -23.343  62.102  7.363 0.0000000000
123961  -24.178  62.324  7.270 0.0000000000
123962  -24.941  62.747  7.079 0.0000000000
123968  -19.991  62.787  6.844 0.0000000000
123969  -20.894  62.526  6.921 0.0000000000
123970  -21.797  62.272  6.779 0.0000000000
123971  -22.493  61.892  6.389 0.0000000000
123972  -24.597  62.080  6.479 0.0000000000
123973  -25.416  62.669  6.391 0.0000000000
123979  -21.825  62.370  5.901 0.0000000000
123980  -22.405  61.844  5.514 0.0000000000
123981  -25.190  62.212  5.747 0.0000000000
123982  -25.777  62.733  5.689 0.0000000000
123991  -21.093  62.796  4.734 0.0000000000
123992  -21.708  62.359  5.126 0.0000000000
123993  -22.274  61.802  4.667 0.0000000000
123994  -24.998  62.044  5.009 0.0000000000
123995  -25.454  62.499  4.480 0.0000000000
124007  -20.875  62.460  3.909 0.0000000000
124008  -21.453  62.059  3.434 0.0000000000
124009  -24.399  62.352  3.352 0.0000000000
124010  -25.157  62.698  3.633 0.0000000000
124024  -20.758  62.377  3.035 0.0000000000
124025  -21.474  62.224  2.625 0.0000000000
124026  -22.242  62.262  2.349 0.0000000000
124027  -23.045  62.512  2.201 0.0000000000
124028  -23.902  62.807  2.481 0.0000000000
124041  -20.810  62.560  2.143 0.0000000000
124042  -21.598  62.570  1.832 0.0000000000
124043  -22.341  62.723  1.700 0.0000000000
124044  -22.888  63.153  1.574 0.0000000000
124495  -16.341  63.228  10.619 0.0000000000
124515  -16.478  63.302  9.682 0.0000000000
124517  -21.320  63.964  9.403 0.0000000000
124518  -22.574  63.763  9.200 0.0000000000
124526  -20.324  62.853  9.208 0.0000000000
124527  -20.772  63.263  9.073 0.0000000000
124528  -22.075  62.966  8.785 0.0000000000
124529  -23.160  63.065  8.609 0.0000000000
124530  -24.509  63.015  7.725 0.0000000000
124531  -24.834  63.819  8.021 0.0000000000
124534  -16.827  63.815  8.155 0.0000000000
124535  -17.367  63.521  7.733 0.0000000000
124536  -19.083  63.147  6.810 0.0000000000
124537  -25.100  63.404  7.469 0.0000000000
124541  -17.618  63.992  7.051 0.0000000000
124542  -18.436  63.888  6.486 0.0000000000
124543  -19.950  63.353  6.260 0.0000000000
124544  -20.732  63.222  6.049 0.0000000000
124545  -21.337  62.648  6.244 0.0000000000
124546  -25.998  63.336  6.192 0.0000000000
124550  -20.579  63.660  5.375 0.0000000000
124551  -21.128  62.993  5.493 0.0000000000
124552  -26.018  62.985  4.935 0.0000000000
124553  -26.406  63.738  5.425 0.0000000000
124560  -20.004  63.721  4.326 0.0000000000
124561  -20.711  63.594  4.986 0.0000000000
124562  -25.749  63.181  3.955 0.0000000000
124563  -26.252  63.896  4.250 0.0000000000
124568  -19.655  63.466  3.298 0.0000000000
124569  -20.238  62.878  3.596 0.0000000000
124570  -24.650  63.234  2.828 0.0000000000
124571  -24.764  64.490  2.566 0.0000000000
124572  -25.655  64.177  3.336 0.0000000000
124577  -19.537  63.494  2.356 0.0000000000
124578  -20.121  62.826  2.658 0.0000000000
124579  -23.451  63.382  1.803 0.0000000000
124580  -24.042  64.025  2.121 0.0000000000
124583  -19.012  64.089  0.754 0.0000000000
124584  -19.454  63.662  1.406 0.0000000000
124585  -20.884  63.064  1.118 0.0000000000
124586  -21.823  63.136  1.125 0.0000000000
124587  -22.541  63.428  1.114 0.0000000000
124588  -23.175  63.678  1.208 0.0000000000
124589  -23.827  64.162  1.553 0.0000000000
124595  -18.994  63.983  -0.044 0.0000000000
124596  -19.605  63.640  0.437 0.0000000000
124597  -20.306  63.432  0.363 0.0000000000
124598  -21.005  63.357  0.066 0.0000000000
124599  -22.207  63.412  0.436 0.0000000000
124600  -23.017  63.571  0.370 0.0000000000
124601  -23.703  63.996  0.799 0.0000000000
124606  -19.594  63.713  -0.380 0.0000000000
124607  -20.353  63.512  -0.508 0.0000000000
124608  -21.255  63.400  -0.845 0.0000000000
124609  -22.058  63.374  -1.028 0.0000000000
124610  -23.202  63.538  -0.517 0.0000000000
124611  -23.804  63.676  -0.233 0.0000000000
124617  -21.648  63.641  -1.701 0.0000000000
124618  -22.376  63.601  -1.607 0.0000000000
124619  -23.643  63.689  -1.187 0.0000000000
124625  -21.048  63.977  -2.119 0.0000000000
124626  -21.772  63.996  -2.240 0.0000000000
124627  -22.355  63.848  -2.087 0.0000000000
124628  -22.972  63.739  -1.802 0.0000000000
125044  -16.055  64.626  9.949 0.0000000000
125045  -20.549  64.202  10.354 0.0000000000
125059  -16.225  64.573  9.193 0.0000000000
125062  -23.781  64.794  9.264 0.0000000000
125067  -16.513  64.506  8.402 0.0000000000
125068  -23.559  63.945  8.952 0.0000000000
125069  -24.397  64.302  8.655 0.0000000000
125070  -25.152  64.668  8.283 0.0000000000
125073  -16.764  64.720  7.777 0.0000000000
125074  -17.277  64.753  7.158 0.0000000000
125075  -25.534  64.134  7.496 0.0000000000
125076  -26.221  64.643  7.049 0.0000000000
125080  -18.028  64.686  6.507 0.0000000000
125081  -19.008  64.749  5.973 0.0000000000
125082  -19.768  64.825  5.453 0.0000000000
125083  -20.205  63.945  5.600 0.0000000000
125084  -26.388  64.185  6.299 0.0000000000
125090  -19.876  65.278  5.118 0.0000000000
125091  -20.196  64.360  5.116 0.0000000000
125092  -26.739  64.545  5.677 0.0000000000
125096  -19.713  64.763  4.558 0.0000000000
125097  -26.702  64.686  4.663 0.0000000000
125101  -19.161  64.159  2.994 0.0000000000
125102  -25.176  65.166  2.858 0.0000000000
125103  -26.061  65.128  3.529 0.0000000000
125107  -18.783  64.856  2.647 0.0000000000
125108  -19.025  64.197  2.101 0.0000000000
125109  -24.389  64.989  1.984 0.0000000000
125110  -24.723  65.632  2.369 0.0000000000
125114  -18.509  64.886  1.704 0.0000000000
125115  -18.908  64.273  1.405 0.0000000000
125116  -24.674  65.222  1.753 0.0000000000
125117  -25.249  65.119  1.379 0.0000000000
125122  -17.917  64.847  -0.097 0.0000000000
125123  -18.479  64.492  0.317 0.0000000000
125124  -24.303  64.532  1.257 0.0000000000
125125  -25.113  64.612  0.663 0.0000000000
125126  -25.895  64.854  0.761 0.0000000000
125133  -18.469  64.516  -0.479 0.0000000000
125134  -19.112  64.105  -0.845 0.0000000000
125135  -24.525  64.066  0.078 0.0000000000
125136  -25.262  64.379  -0.433 0.0000000000
125137  -26.074  64.682  -0.244 0.0000000000
125143  -18.616  64.666  -1.240 0.0000000000
125144  -19.381  64.381  -1.555 0.0000000000
125145  -23.585  64.120  -2.004 0.0000000000
125146  -24.316  64.235  -1.583 0.0000000000
125153  -19.755  64.805  -2.164 0.0000000000
125154  -20.595  64.652  -2.345 0.0000000000
125155  -21.463  64.592  -2.443 0.0000000000
125156  -22.376  64.506  -2.421 0.0000000000
125157  -24.896  64.817  -1.857 0.0000000000
125561  -16.043  65.326  9.544 0.0000000000
125564  -22.762  65.303  9.863 0.0000000000
125565  -23.931  65.566  9.649 0.0000000000
125569  -16.227  65.317  8.774 0.0000000000
125570  -24.642  65.143  8.976 0.0000000000
125576  -16.492  65.275  8.138 0.0000000000
125577  -16.895  65.616  7.483 0.0000000000
125578  -25.791  65.103  7.792 0.0000000000
125579  -26.451  65.550  7.283 0.0000000000
125585  -17.687  65.531  6.688 0.0000000000
125586  -18.685  65.562  6.115 0.0000000000
125587  -19.528  65.741  5.636 0.0000000000
125588  -26.847  65.124  6.368 0.0000000000
125589  -27.352  65.967  5.798 0.0000000000
125593  -19.785  65.967  5.315 0.0000000000
125594  -27.109  65.290  5.304 0.0000000000
125595  -27.290  66.099  4.982 0.0000000000
125600  -19.643  65.776  4.659 0.0000000000
125601  -26.614  65.906  4.227 0.0000000000
125602  -26.928  66.734  4.358 0.0000000000
125607  -18.734  65.655  3.069 0.0000000000
125608  -19.203  65.043  3.651 0.0000000000
125609  -24.947  66.092  2.875 0.0000000000
125610  -25.430  66.575  3.185 0.0000000000
125611  -34.417  65.601  3.761 0.0000000000
125614  -18.446  65.476  2.309 0.0000000000
125615  -24.789  66.160  2.384 0.0000000000
125616  -25.108  66.390  2.231 0.0000000000
125619  -17.255  65.850  0.834 0.0000000000
125620  -24.786  65.900  1.894 0.0000000000
125621  -25.775  65.550  1.501 0.0000000000
125622  -26.931  65.578  1.317 0.0000000000
125623  -27.955  65.656  1.205 0.0000000000
125624  -28.813  65.745  1.026 0.0000000000
125628  -26.747  65.104  0.459 0.0000000000
125637  -17.391  65.483  -0.043 0.0000000000
125638  -17.881  65.100  -0.829 0.0000000000
125649  -17.436  65.767  -0.760 0.0000000000
125650  -17.817  65.817  -1.417 0.0000000000
125651  -18.970  65.047  -1.876 0.0000000000
125660  -18.570  65.913  -1.995 0.0000000000
125661  -19.430  65.576  -2.290 0.0000000000
125662  -20.213  65.439  -2.464 0.0000000000
125663  -21.068  65.439  -2.553 0.0000000000
125665  -22.820  65.424  -2.558 0.0000000000
125980  -15.663  67.179  13.433 0.0000000000
126019  -15.784  66.138  10.716 0.0000000000
126025  -15.880  66.062  9.858 0.0000000000
126031  -16.069  65.936  9.149 0.0000000000
126037  -16.408  66.223  8.331 0.0000000000
126038  -16.886  66.500  7.549 0.0000000000
126039  -26.629  66.429  7.554 0.0000000000
126040  -27.242  66.883  6.993 0.0000000000
126047  -17.442  66.318  6.911 0.0000000000
126048  -18.312  66.315  6.319 0.0000000000
126049  -19.375  66.458  5.937 0.0000000000
126050  -27.059  66.057  6.746 0.0000000000
126051  -27.470  66.613  6.203 0.0000000000
126057  -19.675  66.613  5.647 0.0000000000
126058  -27.501  67.040  5.065 0.0000000000
126063  -19.784  66.626  5.205 0.0000000000
126064  -26.062  67.109  3.479 0.0000000000
126065  -26.430  67.798  3.825 0.0000000000
126067  -35.051  67.063  4.664 0.0000000000
126070  -18.777  66.464  3.397 0.0000000000
126071  -19.385  66.601  4.296 0.0000000000
126072  -25.095  66.621  2.832 0.0000000000
126073  -25.456  67.275  3.012 0.0000000000
126074  -34.688  66.350  4.177 0.0000000000
126075  -35.133  67.030  3.549 0.0000000000
126078  -17.700  66.579  2.175 0.0000000000
126079  -18.324  66.189  2.558 0.0000000000
126080  -25.456  67.013  2.718 0.0000000000
126081  -26.271  67.081  2.407 0.0000000000
126082  -27.493  66.817  2.256 0.0000000000
126083  -28.697  66.675  2.196 0.0000000000
126084  -29.743  66.695  2.154 0.0000000000
126089  -16.584  66.601  0.915 0.0000000000
126090  -17.232  66.309  1.483 0.0000000000
126091  -17.918  65.770  1.688 0.0000000000
126092  -25.984  66.438  1.950 0.0000000000
126093  -27.241  66.190  1.801 0.0000000000
126094  -28.347  66.108  1.705 0.0000000000
126111  -16.626  66.556  0.080 0.0000000000
126112  -17.024  66.210  -0.358 0.0000000000
126126  -17.319  66.464  -1.091 0.0000000000
126127  -17.938  66.770  -1.742 0.0000000000
126136  -18.714  66.859  -2.134 0.0000000000
126137  -19.338  66.474  -2.332 0.0000000000
126471  -15.718  67.710  12.619 0.0000000000
126485  -15.726  67.757  11.587 0.0000000000
126491  -15.845  67.795  10.503 0.0000000000
126498  -15.823  66.845  10.190 0.0000000000
126505  -16.080  66.746  9.276 0.0000000000
126506  -26.581  67.655  8.469 0.0000000000
126507  -26.994  67.903  7.922 0.0000000000
126513  -16.744  67.264  7.838 0.0000000000
126514  -17.302  67.846  7.167 0.0000000000
126515  -26.867  67.236  7.777 0.0000000000
126516  -27.458  67.806  7.145 0.0000000000
126524  -17.974  67.532  6.543 0.0000000000
126525  -18.974  67.146  6.167 0.0000000000
126526  -19.823  67.763  6.035 0.0000000000
126527  -27.623  67.388  6.178 0.0000000000
126531  -19.802  67.410  5.792 0.0000000000
126532  -26.818  68.361  4.203 0.0000000000
126534  -35.435  67.814  5.165 0.0000000000
126537  -25.913  67.850  3.133 0.0000000000
126538  -26.434  68.342  3.524 0.0000000000
126541  -18.183  67.803  3.085 0.0000000000
126542  -18.965  67.385  3.718 0.0000000000
126543  -19.659  67.366  4.812 0.0000000000
126544  -25.746  67.720  2.970 0.0000000000
126545  -26.657  68.315  3.156 0.0000000000
126546  -27.980  68.285  3.171 0.0000000000
126547  -29.304  67.882  3.020 0.0000000000
126551  -16.695  67.638  2.212 0.0000000000
126552  -17.503  67.309  2.511 0.0000000000
126553  -18.272  66.991  2.859 0.0000000000
126554  -26.423  67.806  2.769 0.0000000000
126555  -27.660  67.572  2.694 0.0000000000
126556  -28.971  67.352  2.637 0.0000000000
126557  -30.034  67.339  2.643 0.0000000000
126563  -16.023  67.937  1.186 0.0000000000
126564  -16.409  67.394  1.489 0.0000000000
126565  -16.940  66.929  1.822 0.0000000000
126567  -31.453  67.367  1.648 0.0000000000
126574  -16.396  67.185  0.217 0.0000000000
126585  -16.748  67.045  -0.608 0.0000000000
126598  -16.831  67.992  -1.052 0.0000000000
126599  -17.300  67.342  -1.332 0.0000000000
126600  -18.456  67.595  -2.124 0.0000000000
126619  -17.430  68.202  -1.612 0.0000000000
126620  -19.392  67.472  -2.422 0.0000000000
126900  -16.194  68.277  15.784 0.0000000000
126912  -16.050  68.283  14.921 0.0000000000
126921  -15.803  68.038  13.520 0.0000000000
126935  -15.930  68.673  12.915 0.0000000000
126942  -15.891  68.581  12.057 0.0000000000
126947  -15.939  68.617  11.154 0.0000000000
126954  -16.096  68.155  9.626 0.0000000000
126961  -16.317  68.390  8.912 0.0000000000
126963  -27.346  68.502  7.735 0.0000000000
126969  -16.754  69.074  7.871 0.0000000000
126970  -17.441  68.760  7.085 0.0000000000
126971  -27.745  68.756  6.897 0.0000000000
126980  -17.949  68.187  6.613 0.0000000000
126981  -18.937  67.978  6.309 0.0000000000
126982  -27.776  68.314  6.090 0.0000000000
126988  -19.985  68.326  6.029 0.0000000000
126989  -27.458  69.008  4.797 0.0000000000
126991  -35.553  68.384  5.763 0.0000000000
126992  -36.012  68.956  5.739 0.0000000000
126993  -19.418  68.719  4.366 0.0000000000
126994  -19.755  68.124  5.230 0.0000000000
126995  -26.827  69.136  3.848 0.0000000000
126996  -35.848  68.239  4.285 0.0000000000
126997  -36.337  68.772  4.799 0.0000000000
126999  -16.999  68.793  3.097 0.0000000000
127000  -18.028  68.596  3.256 0.0000000000
127001  -18.829  68.346  3.625 0.0000000000
127002  -19.391  68.012  4.299 0.0000000000
127003  -26.869  68.958  3.656 0.0000000000
127004  -27.738  69.290  3.558 0.0000000000
127005  -29.013  68.594  3.354 0.0000000000
127006  -30.235  68.062  3.193 0.0000000000
127007  -31.598  68.810  3.310 0.0000000000
127008  -32.195  69.374  3.360 0.0000000000
127011  -15.909  68.788  2.022 0.0000000000
127012  -16.474  68.392  2.472 0.0000000000
127013  -17.248  68.036  2.834 0.0000000000
127014  -31.314  68.239  2.968 0.0000000000
127015  -32.161  68.724  2.637 0.0000000000
127021  -15.852  68.499  1.464 0.0000000000
127022  -16.176  68.082  1.845 0.0000000000
127023  -31.776  67.999  2.166 0.0000000000
127024  -32.395  68.440  1.743 0.0000000000
127034  -15.791  68.603  0.804 0.0000000000
127035  -16.067  68.696  0.029 0.0000000000
127049  -16.513  68.854  -0.812 0.0000000000
127061  -16.996  68.712  -1.408 0.0000000000
127085  -18.010  68.334  -2.226 0.0000000000
127086  -18.845  68.222  -2.693 0.0000000000
127397  -16.404  69.974  15.809 0.0000000000
127409  -16.337  69.749  14.841 0.0000000000
127420  -16.187  69.497  13.197 0.0000000000
127433  -16.148  69.395  12.406 0.0000000000
127439  -16.151  69.346  11.613 0.0000000000
127445  -16.227  69.832  10.354 0.0000000000
127453  -16.270  69.584  9.506 0.0000000000
127460  -16.424  69.252  8.685 0.0000000000
127468  -16.654  69.956  8.037 0.0000000000
127469  -17.258  69.688  7.322 0.0000000000
127470  -27.676  69.367  7.594 0.0000000000
127478  -18.316  69.536  6.699 0.0000000000
127479  -19.631  69.399  6.342 0.0000000000
127480  -27.947  70.329  5.645 0.0000000000
127482  -35.722  69.554  6.412 0.0000000000
127483  -36.251  70.118  6.359 0.0000000000
127485  -20.017  69.247  6.152 0.0000000000
127486  -27.566  69.987  4.678 0.0000000000
127487  -36.436  69.675  5.911 0.0000000000
127488  -37.201  69.896  5.356 0.0000000000
127490  -19.466  69.549  4.393 0.0000000000
127491  -19.840  68.953  5.416 0.0000000000
127492  -27.515  70.214  4.286 0.0000000000
127493  -28.031  70.500  4.122 0.0000000000
127494  -30.797  69.849  4.381 0.0000000000
127495  -31.790  69.824  4.180 0.0000000000
127496  -37.011  69.338  4.435 0.0000000000
127500  -16.723  69.568  3.309 0.0000000000
127501  -17.822  69.363  3.455 0.0000000000
127502  -18.752  69.171  3.666 0.0000000000
127503  -26.964  69.710  3.989 0.0000000000
127504  -27.854  69.955  3.851 0.0000000000
127505  -28.868  69.393  3.615 0.0000000000
127506  -30.038  69.415  3.964 0.0000000000
127507  -31.246  69.232  3.891 0.0000000000
127512  -15.681  69.555  2.099 0.0000000000
127513  -16.198  69.178  2.666 0.0000000000
127520  -15.521  69.970  1.343 0.0000000000
127534  -15.739  69.506  0.498 0.0000000000
127535  -16.165  69.425  -0.290 0.0000000000
127547  -16.491  69.850  -0.892 0.0000000000
127565  -16.868  69.430  -1.484 0.0000000000
127566  -17.433  68.982  -1.988 0.0000000000
127587  -17.170  69.801  -2.105 0.0000000000
127588  -17.787  68.963  -2.659 0.0000000000
127605  -17.771  69.428  -3.288 0.0000000000
127865  -16.495  70.570  15.146 0.0000000000
127879  -16.587  71.051  13.866 0.0000000000
127891  -16.564  71.005  12.967 0.0000000000
127904  -16.438  70.650  12.283 0.0000000000
127909  -16.389  70.711  11.596 0.0000000000
127915  -16.304  70.742  10.669 0.0000000000
127924  -16.275  70.473  9.702 0.0000000000
127930  -16.413  70.212  8.843 0.0000000000
127931  -28.118  71.064  8.021 0.0000000000
127937  -17.117  70.503  7.569 0.0000000000
127938  -17.953  70.313  7.007 0.0000000000
127939  -18.584  70.925  7.007 0.0000000000
127940  -27.872  70.238  7.854 0.0000000000
127941  -28.261  70.885  7.083 0.0000000000
127945  -35.174  70.889  7.197 0.0000000000
127948  -19.330  70.213  6.614 0.0000000000
127949  -19.861  70.450  6.387 0.0000000000
127950  -28.091  70.147  6.887 0.0000000000
127951  -27.873  71.450  5.201 0.0000000000
127953  -35.766  70.406  6.749 0.0000000000
127954  -36.473  70.782  6.615 0.0000000000
127955  -37.269  71.097  6.451 0.0000000000
127959  -19.861  70.793  5.490 0.0000000000
127960  -27.721  70.800  4.761 0.0000000000
127961  -30.666  70.968  4.989 0.0000000000
127962  -31.651  70.891  5.127 0.0000000000
127963  -36.876  70.327  6.092 0.0000000000
127964  -37.709  70.635  5.825 0.0000000000
127968  -18.438  70.808  4.044 0.0000000000
127969  -19.901  69.822  5.487 0.0000000000
127970  -27.898  70.945  4.519 0.0000000000
127971  -28.618  70.989  4.254 0.0000000000
127972  -30.477  70.457  4.621 0.0000000000
127973  -31.299  70.360  4.695 0.0000000000
127974  -32.203  70.441  4.539 0.0000000000
127975  -32.970  70.768  4.235 0.0000000000
127981  -15.670  71.607  3.328 0.0000000000
127982  -16.084  70.831  3.474 0.0000000000
127983  -17.515  70.112  3.713 0.0000000000
127984  -18.669  69.977  3.760 0.0000000000
127985  -28.805  70.131  3.934 0.0000000000
127986  -32.598  70.128  3.781 0.0000000000
127987  -33.271  70.689  3.409 0.0000000000
127993  -15.455  70.980  2.516 0.0000000000
127994  -15.875  70.052  2.874 0.0000000000
127995  -32.888  69.932  2.816 0.0000000000
127996  -33.452  70.835  2.397 0.0000000000
128006  -15.396  70.806  1.420 0.0000000000
128007  -33.170  70.170  1.821 0.0000000000
128021  -15.619  70.523  0.570 0.0000000000
128022  -16.089  70.223  -0.204 0.0000000000
128037  -16.495  70.860  -0.950 0.0000000000
128048  -16.771  70.263  -1.598 0.0000000000
128058  -16.973  70.517  -2.333 0.0000000000
128059  -17.347  70.017  -2.833 0.0000000000
128071  -17.006  70.715  -3.180 0.0000000000
128316  -17.732  72.065  17.592 0.0000000000
128321  -17.706  72.370  16.747 0.0000000000
128330  -16.887  71.902  14.976 0.0000000000
128331  -17.204  72.128  15.800 0.0000000000
128342  -16.733  71.671  14.294 0.0000000000
128370  -16.390  71.509  11.248 0.0000000000
128379  -16.343  72.009  10.429 0.0000000000
128388  -16.418  72.063  9.459 0.0000000000
128397  -16.714  72.054  8.645 0.0000000000
128398  -17.231  71.882  7.950 0.0000000000
128400  -28.352  71.890  8.247 0.0000000000
128407  -17.141  71.190  7.766 0.0000000000
128408  -17.836  71.497  7.414 0.0000000000
128409  -19.026  71.654  7.155 0.0000000000
128410  -19.834  71.837  6.971 0.0000000000
128411  -28.427  71.858  6.974 0.0000000000
128415  -35.387  71.980  7.504 0.0000000000
128416  -36.208  72.516  7.446 0.0000000000
128420  -19.560  71.004  6.684 0.0000000000
128421  -19.957  71.259  6.380 0.0000000000
128422  -28.242  72.361  5.510 0.0000000000
128423  -35.946  71.349  7.079 0.0000000000
128424  -36.741  71.776  6.937 0.0000000000
128425  -37.644  72.170  6.850 0.0000000000
128426  -38.699  72.550  6.763 0.0000000000
128427  -39.852  72.812  6.594 0.0000000000
128429  -27.998  72.067  4.912 0.0000000000
128430  -28.459  72.303  4.809 0.0000000000
128431  -29.609  72.006  4.901 0.0000000000
128432  -31.041  71.532  5.409 0.0000000000
128433  -32.045  71.464  5.501 0.0000000000
128434  -32.936  71.634  5.201 0.0000000000
128435  -38.183  71.467  6.262 0.0000000000
128437  -40.565  72.106  6.041 0.0000000000
128441  -17.532  71.501  4.257 0.0000000000
128442  -18.834  71.584  4.325 0.0000000000
128443  -19.671  71.822  4.821 0.0000000000
128444  -28.149  71.658  4.648 0.0000000000
128445  -28.779  71.688  4.490 0.0000000000
128446  -32.542  71.053  4.888 0.0000000000
128447  -33.158  71.327  4.604 0.0000000000
128452  -16.489  71.526  3.963 0.0000000000
128453  -17.049  70.812  3.925 0.0000000000
128454  -33.524  71.351  3.982 0.0000000000
128459  -15.359  71.926  2.492 0.0000000000
128460  -33.744  71.557  3.007 0.0000000000
128468  -15.385  71.667  1.516 0.0000000000
128476  -15.626  71.418  0.640 0.0000000000
128477  -16.090  71.137  -0.145 0.0000000000
128487  -16.724  71.042  -1.804 0.0000000000
128495  -16.682  71.208  -2.645 0.0000000000
128704  -18.256  72.813  19.108 0.0000000000
128705  -18.385  73.003  19.964 0.0000000000
128712  -18.159  72.831  18.251 0.0000000000
128714  -18.231  73.029  17.446 0.0000000000
128718  -18.273  73.360  16.896 0.0000000000
128722  -17.376  72.652  15.283 0.0000000000
128723  -17.827  72.954  16.160 0.0000000000
128729  -17.045  72.353  14.433 0.0000000000
128730  -17.500  73.160  14.750 0.0000000000
128737  -17.179  72.792  13.843 0.0000000000
128743  -16.853  72.488  13.004 0.0000000000
128750  -16.567  72.198  12.047 0.0000000000
128756  -16.370  72.866  10.636 0.0000000000
128766  -16.382  72.728  9.858 0.0000000000
128775  -16.678  72.999  9.054 0.0000000000
128776  -17.312  72.683  8.250 0.0000000000
128777  -18.187  73.159  7.978 0.0000000000
128778  -28.600  72.763  7.337 0.0000000000
128782  -34.390  73.171  8.340 0.0000000000
128786  -18.053  72.298  7.581 0.0000000000
128787  -19.412  72.635  7.506 0.0000000000
128788  -20.193  72.880  7.263 0.0000000000
128789  -20.494  73.125  6.943 0.0000000000
128790  -28.397  72.919  6.160 0.0000000000
128792  -34.868  72.601  7.930 0.0000000000
128793  -35.712  73.242  7.916 0.0000000000
128794  -36.607  74.010  8.025 0.0000000000
128795  -37.591  74.676  8.049 0.0000000000
128799  -20.144  72.283  6.456 0.0000000000
128800  -20.350  73.149  6.092 0.0000000000
128801  -28.487  73.336  5.608 0.0000000000
128802  -30.663  72.987  5.884 0.0000000000
128803  -31.890  72.729  6.260 0.0000000000
128804  -32.905  72.718  6.129 0.0000000000
128805  -37.091  73.058  7.406 0.0000000000
128806  -38.131  73.533  7.442 0.0000000000
128807  -39.292  73.905  7.332 0.0000000000
128808  -40.149  73.781  6.867 0.0000000000
128809  -40.690  73.729  6.337 0.0000000000
128812  -20.024  72.713  5.280 0.0000000000
128813  -28.476  72.837  5.171 0.0000000000
128814  -28.909  73.177  5.061 0.0000000000
128815  -29.773  72.846  5.275 0.0000000000
128816  -31.458  72.125  5.798 0.0000000000
128817  -32.456  72.104  5.785 0.0000000000
128818  -33.312  72.286  5.500 0.0000000000
128819  -34.068  72.673  5.244 0.0000000000
128820  -40.849  72.921  6.335 0.0000000000
128821  -41.409  72.969  5.923 0.0000000000
128823  -16.136  73.013  4.107 0.0000000000
128824  -16.882  72.285  4.414 0.0000000000
128825  -19.002  72.321  4.489 0.0000000000
128826  -19.643  72.692  4.741 0.0000000000
128827  -33.633  71.973  4.698 0.0000000000
128828  -34.353  72.671  4.505 0.0000000000
128833  -15.562  72.867  3.367 0.0000000000
128834  -34.023  72.181  3.722 0.0000000000
128835  -34.589  73.104  3.654 0.0000000000
128836  -36.358  74.280  3.623 0.0000000000
128842  -15.360  72.665  2.534 0.0000000000
128844  -34.604  73.979  2.976 0.0000000000
128851  -15.417  72.499  1.645 0.0000000000
128857  -15.786  72.337  0.733 0.0000000000
128858  -16.369  72.077  -0.134 0.0000000000
128865  -16.691  71.707  -1.339 0.0000000000
128871  -16.626  72.277  -1.729 0.0000000000
128883  -16.243  71.912  -2.762 0.0000000000
129078  -17.342  73.857  20.033 0.0000000000
129083  -16.147  73.890  19.235 0.0000000000
129084  -17.254  73.673  19.460 0.0000000000
129085  -18.121  73.298  19.592 0.0000000000
129092  -15.971  73.787  18.563 0.0000000000
129093  -17.149  73.574  18.733 0.0000000000
129094  -18.081  73.221  18.812 0.0000000000
129097  -15.719  73.837  17.839 0.0000000000
129098  -16.947  73.641  17.998 0.0000000000
129099  -17.958  73.338  17.889 0.0000000000
129102  -18.273  74.154  16.829 0.0000000000
129103  -18.268  74.717  16.396 0.0000000000
129106  -18.369  74.273  16.110 0.0000000000
129109  -18.062  73.991  15.197 0.0000000000
129114  -17.158  73.188  13.315 0.0000000000
129115  -17.611  73.757  14.132 0.0000000000
129120  -17.224  73.965  13.144 0.0000000000
129124  -16.574  73.686  11.692 0.0000000000
129130  -16.434  73.689  10.904 0.0000000000
129139  -16.478  73.638  9.927 0.0000000000
129146  -17.430  73.610  8.576 0.0000000000
129147  -18.448  74.103  8.441 0.0000000000
129148  -19.813  74.416  8.512 0.0000000000
129149  -28.821  73.631  7.541 0.0000000000
129153  -34.990  74.344  8.630 0.0000000000
129154  -36.159  74.748  8.364 0.0000000000
129159  -19.274  73.519  8.029 0.0000000000
129160  -20.196  73.683  7.895 0.0000000000
129161  -20.785  74.094  7.599 0.0000000000
129162  -28.500  73.831  6.191 0.0000000000
129163  -35.307  73.843  8.334 0.0000000000
129164  -37.055  75.309  8.246 0.0000000000
129165  -38.549  74.912  7.868 0.0000000000
129166  -38.700  75.311  7.685 0.0000000000
129167  -39.224  75.367  7.237 0.0000000000
129171  -20.698  73.954  6.460 0.0000000000
129172  -28.635  74.053  5.679 0.0000000000
129173  -28.861  74.407  5.573 0.0000000000
129174  -30.033  74.206  5.780 0.0000000000
129175  -31.336  73.639  6.463 0.0000000000
129176  -32.537  73.414  6.596 0.0000000000
129177  -33.393  73.331  6.401 0.0000000000
129178  -34.211  73.738  6.461 0.0000000000
129179  -35.195  74.184  6.583 0.0000000000
129180  -39.289  74.938  7.509 0.0000000000
129181  -39.948  74.723  6.935 0.0000000000
129184  -20.428  73.892  5.345 0.0000000000
129185  -28.761  73.693  5.422 0.0000000000
129186  -28.951  73.991  5.355 0.0000000000
129187  -29.444  73.705  5.373 0.0000000000
129188  -33.717  72.967  5.887 0.0000000000
129189  -34.521  73.392  5.810 0.0000000000
129190  -35.391  73.798  5.819 0.0000000000
129191  -40.354  74.544  5.931 0.0000000000
129192  -41.076  73.618  5.759 0.0000000000
129194  -16.341  73.873  4.327 0.0000000000
129195  -16.960  73.178  4.624 0.0000000000
129196  -19.093  73.189  4.642 0.0000000000
129197  -20.004  73.587  4.823 0.0000000000
129198  -34.786  73.242  5.138 0.0000000000
129199  -35.678  73.814  4.864 0.0000000000
129200  -38.792  74.763  4.834 0.0000000000
129201  -40.899  73.805  5.138 0.0000000000
129202  -41.548  73.094  5.312 0.0000000000
129205  -15.673  73.795  3.524 0.0000000000
129206  -35.313  74.110  3.682 0.0000000000
129207  -37.617  74.130  4.288 0.0000000000
129208  -38.522  73.324  4.222 0.0000000000
129210  -15.433  73.449  2.530 0.0000000000
129211  -34.109  74.099  2.017 0.0000000000
129213  -35.999  75.424  3.215 0.0000000000
129219  -15.828  74.039  1.514 0.0000000000
129221  -34.338  75.647  1.664 0.0000000000
129226  -15.931  73.210  0.989 0.0000000000
129432  -17.675  74.324  20.533 0.0000000000
129439  -16.403  74.135  19.837 0.0000000000
129447  -15.313  74.138  18.933 0.0000000000
129452  -17.871  74.073  17.272 0.0000000000
129460  -17.414  74.565  16.734 0.0000000000
129461  -18.050  74.730  16.585 0.0000000000
129469  -18.396  74.673  15.614 0.0000000000
129470  -18.418  75.031  16.052 0.0000000000
129475  -18.269  74.637  14.875 0.0000000000
129476  -18.452  75.291  15.516 0.0000000000
129479  -17.842  74.712  13.908 0.0000000000
129482  -16.775  74.232  12.252 0.0000000000
129483  -17.263  74.958  12.908 0.0000000000
129488  -16.578  74.425  11.392 0.0000000000
129494  -16.612  74.505  10.489 0.0000000000
129495  -17.168  75.261  10.189 0.0000000000
129501  -16.981  74.536  9.687 0.0000000000
129502  -17.596  75.203  9.584 0.0000000000
129504  -29.429  75.736  8.488 0.0000000000
129510  -17.718  74.625  9.053 0.0000000000
129511  -19.085  75.148  8.975 0.0000000000
129512  -20.551  75.528  9.087 0.0000000000
129513  -21.597  75.932  8.999 0.0000000000
129514  -28.779  74.719  6.475 0.0000000000
129515  -29.177  75.568  7.137 0.0000000000
129517  -35.979  76.107  9.165 0.0000000000
129518  -36.193  76.119  9.021 0.0000000000
129522  -20.947  74.902  8.485 0.0000000000
129523  -21.815  75.531  8.191 0.0000000000
129524  -22.259  76.206  8.033 0.0000000000
129525  -28.745  74.697  5.832 0.0000000000
129526  -28.969  75.458  6.152 0.0000000000
129527  -31.503  75.532  7.201 0.0000000000
129528  -33.093  75.288  7.537 0.0000000000
129529  -34.746  75.504  7.804 0.0000000000
129530  -35.929  75.759  8.499 0.0000000000
129531  -36.364  75.500  8.283 0.0000000000
129532  -37.141  75.411  8.158 0.0000000000
129533  -37.945  75.394  8.001 0.0000000000
129536  -21.904  75.790  6.668 0.0000000000
129537  -28.922  75.078  5.808 0.0000000000
129538  -29.470  75.183  5.906 0.0000000000
129539  -30.672  74.791  6.523 0.0000000000
129540  -32.099  74.380  6.950 0.0000000000
129541  -33.584  74.237  7.027 0.0000000000
129542  -35.005  74.809  7.338 0.0000000000
129543  -36.162  75.419  7.853 0.0000000000
129544  -36.839  75.154  7.362 0.0000000000
129545  -37.856  75.465  7.722 0.0000000000
129546  -38.610  75.463  7.458 0.0000000000
129549  -17.912  75.610  5.062 0.0000000000
129550  -21.618  75.938  5.122 0.0000000000
129551  -29.122  74.530  5.511 0.0000000000
129552  -36.318  74.331  5.877 0.0000000000
129553  -37.298  75.038  6.272 0.0000000000
129554  -38.275  75.530  6.431 0.0000000000
129555  -39.071  75.633  6.543 0.0000000000
129556  -39.639  75.283  6.561 0.0000000000
129558  -16.650  74.725  4.557 0.0000000000
129559  -17.606  74.810  4.923 0.0000000000
129560  -18.977  75.149  4.947 0.0000000000
129561  -20.796  74.887  4.858 0.0000000000
129562  -36.327  74.267  5.112 0.0000000000
129563  -36.787  74.618  4.643 0.0000000000
129564  -38.538  75.474  5.492 0.0000000000
129565  -39.460  75.282  5.706 0.0000000000
129568  -15.621  74.813  2.939 0.0000000000
129569  -15.949  74.715  3.872 0.0000000000
129570  -35.005  75.139  2.987 0.0000000000
129571  -36.027  74.543  3.993 0.0000000000
129572  -36.420  74.446  4.102 0.0000000000
129573  -37.180  74.678  4.566 0.0000000000
129577  -15.870  74.925  1.901 0.0000000000
129578  -34.962  76.346  2.555 0.0000000000
129579  -35.733  76.307  2.666 0.0000000000
129580  -35.926  74.980  3.274 0.0000000000
129586  -35.862  77.278  1.630 0.0000000000
129821  -17.837  75.259  16.348 0.0000000000
129822  -18.189  75.266  16.233 0.0000000000
129828  -17.372  75.659  15.899 0.0000000000
129829  -18.105  75.805  16.002 0.0000000000
129830  -18.308  75.663  15.867 0.0000000000
129839  -18.428  75.481  14.748 0.0000000000
129840  -18.435  76.114  15.359 0.0000000000
129845  -18.042  75.718  13.737 0.0000000000
129846  -18.534  76.513  14.679 0.0000000000
129850  -16.808  75.158  11.979 0.0000000000
129851  -17.434  75.932  12.607 0.0000000000
129855  -16.774  75.273  11.073 0.0000000000
129856  -17.210  76.038  11.625 0.0000000000
129860  -18.120  75.930  9.808 0.0000000000
129869  -34.653  77.405  9.678 0.0000000000
129870  -35.641  76.738  9.384 0.0000000000
129875  -19.829  76.256  9.361 0.0000000000
129876  -20.971  76.110  9.270 0.0000000000
129877  -22.083  75.994  8.580 0.0000000000
129878  -29.572  76.663  7.668 0.0000000000
129879  -35.541  77.238  9.070 0.0000000000
129880  -35.984  76.744  9.131 0.0000000000
129884  -22.062  76.116  7.051 0.0000000000
129885  -29.524  76.346  6.747 0.0000000000
129886  -29.973  77.023  6.891 0.0000000000
129887  -30.974  76.851  7.312 0.0000000000
129888  -32.650  76.415  7.820 0.0000000000
129889  -34.422  76.377  8.297 0.0000000000
129890  -35.951  76.514  8.795 0.0000000000
129892  -21.877  76.609  5.727 0.0000000000
129893  -29.364  75.793  6.376 0.0000000000
129894  -30.050  76.097  6.405 0.0000000000
129896  -18.740  76.148  5.042 0.0000000000
129899  -17.102  75.576  4.748 0.0000000000
129900  -20.497  76.363  4.697 0.0000000000
129901  -21.740  77.061  4.717 0.0000000000
129902  -22.043  77.092  4.855 0.0000000000
129906  -16.288  75.495  4.186 0.0000000000
129914  -35.336  77.191  1.869 0.0000000000
130163  -17.841  76.384  15.612 0.0000000000
130164  -18.242  76.364  15.504 0.0000000000
130169  -17.377  76.895  15.081 0.0000000000
130170  -18.192  77.160  15.247 0.0000000000
130171  -18.514  77.245  15.104 0.0000000000
130178  -18.245  76.775  13.524 0.0000000000
130179  -18.725  77.674  14.568 0.0000000000
130183  -17.840  76.888  12.279 0.0000000000
130184  -18.608  77.804  13.188 0.0000000000
130187  -18.051  76.850  11.121 0.0000000000
130188  -19.039  77.435  10.488 0.0000000000
130191  -17.525  76.045  10.629 0.0000000000
130192  -18.711  76.728  10.084 0.0000000000
130199  -17.602  76.607  9.273 0.0000000000
130200  -18.627  76.524  9.607 0.0000000000
130201  -18.731  76.423  9.485 0.0000000000
130203  -33.716  78.114  9.859 0.0000000000
130204  -34.543  77.709  9.411 0.0000000000
130205  -35.407  77.292  9.203 0.0000000000
130210  -17.116  76.450  8.530 0.0000000000
130211  -18.319  76.514  9.073 0.0000000000
130212  -20.322  76.446  9.302 0.0000000000
130213  -21.579  76.121  9.032 0.0000000000
130214  -30.256  77.907  8.095 0.0000000000
130215  -30.413  77.766  7.731 0.0000000000
130216  -33.363  78.220  8.851 0.0000000000
130217  -34.643  77.714  9.192 0.0000000000
130222  -18.079  76.360  7.846 0.0000000000
130223  -19.497  76.373  7.939 0.0000000000
130224  -21.103  76.410  7.860 0.0000000000
130225  -22.189  76.196  8.030 0.0000000000
130226  -29.909  77.335  7.386 0.0000000000
130227  -30.858  77.831  7.688 0.0000000000
130228  -32.203  77.601  8.135 0.0000000000
130229  -33.960  77.386  8.617 0.0000000000
130235  -21.142  76.842  5.957 0.0000000000
130236  -21.798  76.311  6.468 0.0000000000
130238  -22.165  77.519  5.045 0.0000000000
130240  -16.721  76.471  4.389 0.0000000000
130241  -17.931  76.547  4.896 0.0000000000
130242  -19.754  77.342  4.851 0.0000000000
130243  -21.571  77.659  4.738 0.0000000000
130244  -22.043  77.570  4.805 0.0000000000
130493  -17.848  77.732  15.007 0.0000000000
130494  -18.546  78.061  14.988 0.0000000000
130495  -18.892  78.491  14.721 0.0000000000
130500  -19.277  78.807  13.989 0.0000000000
130507  -19.305  78.664  12.665 0.0000000000
130510  -18.849  77.885  11.654 0.0000000000
130511  -19.404  78.490  10.795 0.0000000000
130516  -18.856  77.370  10.412 0.0000000000
130519  -32.753  78.384  10.049 0.0000000000
130524  -18.472  77.077  9.790 0.0000000000
130527  -32.169  78.609  9.776 0.0000000000
130528  -32.980  78.448  9.595 0.0000000000
130529  -33.820  78.190  9.354 0.0000000000
130536  -30.508  78.107  9.153 0.0000000000
130537  -30.907  78.381  8.590 0.0000000000
130538  -31.732  78.514  8.703 0.0000000000
130539  -32.758  78.554  9.012 0.0000000000
130546  -31.068  78.256  8.087 0.0000000000
130547  -31.894  78.296  8.436 0.0000000000
130561  -21.022  78.655  5.044 0.0000000000
130562  -21.916  78.018  5.024 0.0000000000
130565  -18.291  78.700  4.603 0.0000000000
130566  -19.076  78.106  4.840 0.0000000000
130567  -20.954  78.651  4.953 0.0000000000
130791  -18.900  79.146  14.548 0.0000000000
130792  -19.503  79.751  13.935 0.0000000000
130793  -20.109  80.513  13.230 0.0000000000
130802  -19.954  79.695  12.788 0.0000000000
130803  -20.270  80.664  12.539 0.0000000000
130808  -19.982  79.751  11.665 0.0000000000
130814  -19.771  79.197  11.076 0.0000000000
130819  -31.662  78.626  9.240 0.0000000000
130820  -32.287  78.634  9.257 0.0000000000
131056  -19.363  80.340  13.763 0.0000000000
131057  -19.964  80.703  13.377 0.0000000000
131058  -20.254  80.893  13.060 0.0000000000
131064  -18.849  81.109  13.132 0.0000000000
131065  -19.667  81.118  13.212 0.0000000000
131071  -19.540  81.169  12.027 0.0000000000
131072  -20.195  80.765  12.156 0.0000000000
131081  -19.828  80.220  11.758 0.0000000000
131287  -19.884  81.289  12.867 0.0000000000
131288  -20.258  81.044  12.714 0.0000000000
131294  -19.892  81.201  12.429 0.0000000000
133252  -16.409  70.284  13.496 0.0000000000
133444  -16.147  68.971  14.496 0.0000000000
134124  -16.203  67.614  9.089 0.0000000000
134324  -19.956  71.721  5.617 0.0000000000
134388  -25.064  64.428  -1.198 0.0000000000
134408  -20.002  76.509  6.810 0.0000000000
134448  -27.837  71.445  4.810 0.0000000000
134473  -20.120  63.040  1.761 0.0000000000
134833  -21.758  63.378  -0.217 0.0000000000
135183  -27.890  69.284  5.819 0.0000000000
135186  -18.352  74.074  4.918 0.0000000000
135232  -37.632  75.243  5.165 0.0000000000
135257  -28.235  71.467  6.184 0.0000000000
135289  -16.121  68.877  10.200 0.0000000000
135303  -35.842  68.427  5.156 0.0000000000
135320  -35.480  75.367  3.104 0.0000000000
135345  -22.819  63.502  -1.131 0.0000000000
135385  -16.603  71.157  14.667 0.0000000000
135406  -15.937  72.244  3.803 0.0000000000
135622  -16.410  72.282  11.184 0.0000000000
135638  -19.453  71.105  4.459 0.0000000000
135773  -30.557  72.241  5.511 0.0000000000
135964  -16.238  68.851  9.376 0.0000000000
136001  -27.093  69.742  4.061 0.0000000000
136068  -20.067  63.327  1.028 0.0000000000
136335  -17.913  72.702  4.628 0.0000000000
136336  -21.213  74.883  5.682 0.0000000000
136498  -36.462  68.681  3.788 0.0000000000
136537  -19.936  78.885  11.679 0.0000000000
136793  -18.266  78.400  14.726 0.0000000000
136807  -15.452  73.169  1.811 0.0000000000
136850  -16.752  71.885  13.588 0.0000000000
137198  -24.140  64.723  -2.189 0.0000000000
137208  -16.410  67.932  -0.351 0.0000000000
137245  -39.997  74.455  5.037 0.0000000000
137292  -24.785  62.069  4.189 0.0000000000
137390  -18.962  76.110  9.445 0.0000000000
137515  -15.931  65.386  10.353 0.0000000000
137745  -18.082  63.332  7.228 0.0000000000
138005  -18.676  68.745  6.462 0.0000000000
138209  -19.242  76.465  9.400 0.0000000000
138325  -35.431  67.613  4.202 0.0000000000
138407  -16.033  64.664  10.791 0.0000000000
138821  -16.503  67.866  8.425 0.0000000000
138822  -17.218  73.980  4.764 0.0000000000
139503  -16.353  70.157  12.713 0.0000000000
139504  -16.253  69.040  15.346 0.0000000000
139585  -20.611  64.046  9.729 0.0000000000
139665  -16.503  72.954  11.491 0.0000000000
139702  -19.145  76.561  9.082 0.0000000000
139948  -36.596  69.320  5.292 0.0000000000
140078  -19.840  74.235  4.765 0.0000000000
140176  -24.403  63.962  -0.787 0.0000000000
140214  -19.460  63.962  6.034 0.0000000000
140253  -21.409  74.774  6.967 0.0000000000
140433  -39.722  74.434  7.223 0.0000000000
140504  -20.628  66.267  -2.497 0.0000000000
140513  -16.776  73.210  12.431 0.0000000000
140864  -36.923  74.277  3.965 0.0000000000
141193  -21.554  62.131  4.298 0.0000000000
141216  -22.531  63.442  -0.350 0.0000000000
141243  -16.499  71.303  12.154 0.0000000000
141244  -16.300  70.005  11.190 0.0000000000
141245  -16.327  70.053  11.968 0.0000000000
141388  -16.448  70.390  14.319 0.0000000000
141714  -17.051  64.137  7.630 0.0000000000
141833  -19.444  78.150  10.612 0.0000000000
141974  -16.818  68.235  7.798 0.0000000000
141992  -16.335  69.033  16.253 0.0000000000
142093  -17.914  73.444  15.658 0.0000000000
142241  -16.014  68.844  13.708 0.0000000000
142331  -23.303  64.687  -2.379 0.0000000000
142441  -16.670  74.002  17.286 0.0000000000
143442  -16.280  71.314  9.959 0.0000000000
143695  -15.702  66.932  11.097 0.0000000000
144336  -16.538  63.726  8.912 0.0000000000
144548  -16.426  71.203  8.985 0.0000000000
144629  -25.534  63.336  6.929 0.0000000000
145120  -19.146  65.918  3.824 0.0000000000
145323  -16.132  63.937  10.289 0.0000000000
145353  -15.498  72.247  3.157 0.0000000000
145593  -17.634  70.913  7.331 0.0000000000
145681  -16.922  66.104  0.295 0.0000000000
145773  -19.841  68.562  6.143 0.0000000000
145777  -35.964  74.458  6.619 0.0000000000
145995  -24.077  63.409  8.371 0.0000000000
146021  -21.351  76.127  4.789 0.0000000000
146060  -35.753  75.440  8.881 0.0000000000
146858  -30.733  68.698  3.567 0.0000000000
146975  -16.586  70.247  3.528 0.0000000000
147015  -32.738  68.949  1.184 0.0000000000
147071  -26.059  68.068  3.111 0.0000000000
147124  -27.951  69.537  6.618 0.0000000000
147245  -29.754  70.272  4.309 0.0000000000
147463  -17.927  66.894  6.508 0.0000000000
147948  -19.692  67.118  5.934 0.0000000000
148000  -18.213  73.646  17.258 0.0000000000
148069  -17.306  67.064  7.088 0.0000000000
148688  -19.905  69.855  6.306 0.0000000000
149147  -20.036  69.967  6.159 0.0000000000
149196  -16.259  69.616  13.999 0.0000000000
149313  -19.825  63.761  -1.147 0.0000000000
149818  -16.130  67.936  0.453 0.0000000000
150046  -27.256  68.966  8.265 0.0000000000
150473  -20.272  79.318  5.016 0.0000000000
151573  -19.499  70.400  4.418 0.0000000000
151596  -20.701  63.643  -1.393 0.0000000000
151834  -18.438  75.629  9.380 0.0000000000
151836  -17.736  62.931  7.867 0.0000000000
151929  -19.717  65.523  5.335 0.0000000000
151942  -16.649  71.767  12.745 0.0000000000
152017  -36.879  74.719  5.298 0.0000000000
152098  -34.590  75.148  2.529 0.0000000000
152123  -16.549  71.694  -0.704 0.0000000000
152212  -27.616  67.983  5.293 0.0000000000
152541  -20.503  75.269  4.748 0.0000000000
152600  -25.943  63.926  6.799 0.0000000000
152775  -16.961  71.481  16.210 0.0000000000
152976  -35.850  75.196  8.649 0.0000000000
153347  -32.726  69.285  2.062 0.0000000000
153360  -39.519  73.818  4.543 0.0000000000
153437  -21.811  78.084  5.113 0.0000000000
153486  -17.516  69.416  -2.580 0.0000000000
153629  -36.915  73.684  3.719 0.0000000000
153734  -16.385  67.135  8.587 0.0000000000
153743  -35.041  75.682  9.284 0.0000000000
153771  -16.671  71.647  -2.047 0.0000000000
153776  -19.937  66.136  -2.449 0.0000000000
153794  -16.170  69.340  10.906 0.0000000000
153838  -20.203  64.157  -1.824 0.0000000000
153853  -18.256  73.672  16.416 0.0000000000
153873  -16.699  70.775  8.236 0.0000000000
154072  -25.252  63.484  3.249 0.0000000000
154271  -16.726  71.355  15.439 0.0000000000
154707  -29.824  68.786  3.572 0.0000000000
155067  -28.168  70.830  6.219 0.0000000000
155203  -20.120  81.079  13.132 0.0000000000
155567  -22.930  64.104  -2.210 0.0000000000
155683  -15.568  74.192  2.464 0.0000000000
155977  -18.583  64.571  0.997 0.0000000000
156096  -17.831  73.400  4.786 0.0000000000
156247  -15.653  69.151  1.370 0.0000000000
156438  -25.544  62.440  5.177 0.0000000000
156452  -29.089  74.400  7.753 0.0000000000
156585  -19.945  63.539  -0.025 0.0000000000
156694  -21.525  63.303  0.527 0.0000000000
156699  -18.315  65.256  -1.514 0.0000000000
156718  -37.913  75.158  4.780 0.0000000000
156756  -23.001  64.473  9.424 0.0000000000
156990  -20.322  79.276  5.044 0.0000000000
157009  -20.551  63.065  4.355 0.0000000000
157018  -18.773  76.769  9.913 0.0000000000
157068  -29.640  71.064  4.555 0.0000000000
157334  -24.837  64.204  -0.600 0.0000000000
158093  -16.602  70.825  15.822 0.0000000000
158099  -18.011  65.131  0.761 0.0000000000
158186  -17.995  72.054  4.462 0.0000000000
158205  -16.961  73.894  9.211 0.0000000000
158401  -16.791  71.429  8.321 0.0000000000
158578  -16.754  64.261  7.974 0.0000000000
158765  -18.124  72.431  18.684 0.0000000000
158775  -24.634  65.793  2.064 0.0000000000
159032  -17.849  67.678  -1.782 0.0000000000
159042  -15.931  68.329  14.186 0.0000000000
159119  -16.551  68.578  8.329 0.0000000000
159347  -19.437  64.188  3.800 0.0000000000
159373  -36.732  75.630  8.234 0.0000000000
159530  -32.514  69.299  2.735 0.0000000000
160005  -15.982  67.426  9.733 0.0000000000
160213  -16.323  71.387  10.585 0.0000000000
160221  -34.945  73.365  4.380 0.0000000000
160579  -16.228  64.013  9.597 0.0000000000
160980  -16.229  67.342  0.894 0.0000000000
161015  -15.496  70.258  2.087 0.0000000000
161042  -32.061  67.827  1.436 0.0000000000
161204  -26.094  63.148  5.579 0.0000000000
