#!ascii label  , from subject 003_FS vox2ras=TkReg
396
151313  -28.996  -0.403  -35.067 0.0000000000
151671  -27.682  0.546  -40.680 0.0000000000
135174  -23.698  12.360  -42.216 0.0000000000
85109  -26.578  8.667  -43.521 0.0000000000
84232  -29.101  7.050  -41.339 0.0000000000
132342  -29.271  5.734  -36.147 0.0000000000
90751  -22.187  14.063  -43.083 0.0000000000
84260  -27.866  7.528  -43.667 0.0000000000
81201  -25.487  4.305  -42.606 0.0000000000
132678  -28.700  0.079  -37.817 0.0000000000
138538  -29.437  2.812  -39.270 0.0000000000
151317  -28.557  2.394  -36.069 0.0000000000
132484  -29.123  -5.629  -32.655 0.0000000000
151312  -28.714  -2.169  -36.262 0.0000000000
95417  -22.039  19.495  -42.423 0.0000000000
94618  -22.289  18.500  -44.295 0.0000000000
92716  -24.305  16.787  -44.240 0.0000000000
138760  -25.434  15.027  -46.106 0.0000000000
89771  -26.073  13.309  -47.104 0.0000000000
87823  -25.992  11.068  -43.525 0.0000000000
88797  -27.895  12.378  -45.900 0.0000000000
87814  -28.482  11.488  -43.407 0.0000000000
86842  -28.729  10.263  -40.733 0.0000000000
85933  -29.409  8.709  -38.669 0.0000000000
160938  -28.232  3.456  -41.466 0.0000000000
83245  -30.032  6.006  -38.889 0.0000000000
143507  -24.432  5.010  -42.816 0.0000000000
80145  -24.195  3.386  -42.568 0.0000000000
132463  -28.655  -0.125  -36.315 0.0000000000
157016  -28.745  1.134  -36.647 0.0000000000
151037  -28.823  0.880  -35.410 0.0000000000
68007  -27.851  -8.171  -30.575 0.0000000000
68029  -28.204  -7.631  -30.941 0.0000000000
151257  -28.789  -6.426  -31.392 0.0000000000
151289  -28.326  -1.792  -37.466 0.0000000000
151304  -28.103  -2.683  -37.361 0.0000000000
93707  -23.832  17.675  -44.290 0.0000000000
90753  -23.944  13.778  -42.712 0.0000000000
91752  -24.552  15.100  -43.622 0.0000000000
90764  -25.389  13.987  -44.189 0.0000000000
91764  -24.678  14.890  -48.351 0.0000000000
89755  -25.512  12.985  -45.221 0.0000000000
138331  -25.837  9.171  -43.022 0.0000000000
88785  -26.542  11.443  -45.405 0.0000000000
86888  -27.642  10.536  -45.226 0.0000000000
144209  -28.337  11.675  -44.951 0.0000000000
85997  -27.757  9.717  -44.697 0.0000000000
153638  -28.885  6.975  -43.170 0.0000000000
85965  -28.611  9.333  -42.756 0.0000000000
85074  -28.822  8.722  -40.701 0.0000000000
85944  -28.870  9.516  -40.213 0.0000000000
161077  -29.073  8.116  -40.218 0.0000000000
158246  -26.210  1.138  -41.609 0.0000000000
79155  -26.176  2.530  -42.023 0.0000000000
78153  -28.054  1.636  -41.109 0.0000000000
81128  -29.423  4.805  -37.352 0.0000000000
81152  -29.686  4.673  -38.858 0.0000000000
149321  -29.643  5.620  -37.751 0.0000000000
134263  -29.761  6.888  -37.924 0.0000000000
83178  -29.507  6.631  -36.257 0.0000000000
132173  -29.582  -4.337  -32.200 0.0000000000
72377  -29.190  -4.755  -33.542 0.0000000000
73303  -29.520  -3.800  -32.869 0.0000000000
74256  -29.207  -2.704  -33.603 0.0000000000
134601  -25.322  6.968  -42.449 0.0000000000
85125  -27.576  8.178  -43.763 0.0000000000
134600  -26.064  6.700  -42.715 0.0000000000
82246  -26.304  5.757  -42.700 0.0000000000
149228  -27.730  5.151  -42.815 0.0000000000
78125  -28.704  0.537  -39.526 0.0000000000
78126  -28.964  1.339  -40.000 0.0000000000
78100  -29.021  1.533  -38.321 0.0000000000
79095  -28.739  2.903  -36.845 0.0000000000
151264  -28.696  4.210  -36.075 0.0000000000
159041  -29.218  -5.719  -32.001 0.0000000000
76216  -27.383  -0.426  -40.743 0.0000000000
76189  -28.474  -0.446  -38.450 0.0000000000
151081  -28.694  -0.859  -36.548 0.0000000000
132332  -28.961  -1.081  -35.233 0.0000000000
96219  -22.747  20.549  -42.696 0.0000000000
94607  -21.072  18.384  -42.180 0.0000000000
159951  -21.648  18.498  -43.954 0.0000000000
94620  -23.293  18.562  -44.405 0.0000000000
146507  -24.336  18.330  -44.636 0.0000000000
93716  -24.894  17.699  -44.836 0.0000000000
91751  -23.659  15.436  -43.527 0.0000000000
91759  -25.032  15.800  -44.483 0.0000000000
92726  -25.492  17.111  -46.636 0.0000000000
92747  -24.543  17.121  -49.965 0.0000000000
91770  -26.085  15.874  -49.162 0.0000000000
91765  -27.350  15.253  -46.889 0.0000000000
88769  -25.277  11.769  -43.063 0.0000000000
159476  -26.030  11.937  -45.605 0.0000000000
89765  -26.828  13.077  -46.880 0.0000000000
90771  -27.760  14.441  -45.759 0.0000000000
90766  -28.169  14.185  -43.767 0.0000000000
88757  -28.255  12.767  -41.720 0.0000000000
141887  -28.404  9.552  -43.841 0.0000000000
148732  -28.456  11.301  -41.820 0.0000000000
79154  -25.434  2.907  -42.298 0.0000000000
80148  -26.607  3.429  -42.241 0.0000000000
82231  -29.205  5.155  -41.988 0.0000000000
79135  -29.010  2.577  -40.419 0.0000000000
81180  -29.486  4.555  -40.300 0.0000000000
83261  -29.495  5.929  -40.264 0.0000000000
136920  -29.695  7.348  -38.682 0.0000000000
85048  -29.657  8.066  -37.654 0.0000000000
151154  -28.695  -2.880  -35.786 0.0000000000
136204  -28.922  -1.764  -34.986 0.0000000000
132338  -29.236  -0.866  -33.780 0.0000000000
151306  -28.770  0.084  -35.577 0.0000000000
151019  -28.938  0.369  -34.841 0.0000000000
151334  -28.955  0.662  -34.159 0.0000000000
151056  -29.008  -0.126  -34.135 0.0000000000
68008  -28.208  -7.789  -29.895 0.0000000000
89742  -24.100  13.053  -42.480 0.0000000000
90763  -24.720  14.118  -43.352 0.0000000000
89749  -24.673  13.232  -43.001 0.0000000000
89750  -25.269  13.210  -43.890 0.0000000000
153758  -25.785  8.037  -42.875 0.0000000000
85108  -24.724  7.742  -42.355 0.0000000000
85985  -26.718  9.439  -43.890 0.0000000000
85996  -27.284  9.876  -44.738 0.0000000000
86889  -28.096  10.365  -45.099 0.0000000000
85986  -27.369  8.948  -44.097 0.0000000000
83290  -29.120  6.656  -42.418 0.0000000000
84231  -28.866  7.575  -42.412 0.0000000000
85088  -28.899  7.916  -41.123 0.0000000000
84213  -29.185  7.400  -40.269 0.0000000000
77150  -27.280  0.755  -40.920 0.0000000000
149582  -27.371  1.331  -41.176 0.0000000000
78140  -27.831  1.051  -40.710 0.0000000000
82162  -29.403  5.440  -36.947 0.0000000000
133207  -29.618  6.141  -37.496 0.0000000000
153567  -29.479  6.156  -36.898 0.0000000000
135263  -24.386  5.917  -42.616 0.0000000000
83287  -25.187  6.146  -42.520 0.0000000000
82244  -24.683  5.529  -42.669 0.0000000000
81200  -24.882  4.287  -42.692 0.0000000000
144484  -25.848  5.044  -42.615 0.0000000000
82247  -27.227  5.864  -42.868 0.0000000000
144333  -26.767  5.074  -42.681 0.0000000000
77127  -28.688  0.125  -38.738 0.0000000000
154726  -29.048  1.166  -39.155 0.0000000000
151281  -28.748  0.839  -37.796 0.0000000000
151287  -28.680  1.412  -36.042 0.0000000000
151042  -28.629  1.924  -36.756 0.0000000000
151082  -28.646  3.534  -36.252 0.0000000000
151290  -28.447  2.870  -35.412 0.0000000000
153630  -28.517  3.660  -35.585 0.0000000000
66953  -26.948  -9.211  -31.010 0.0000000000
132124  -26.574  -10.119  -31.307 0.0000000000
151255  -29.135  -5.978  -31.572 0.0000000000
151083  -29.362  -5.469  -31.307 0.0000000000
76202  -27.771  -0.525  -40.161 0.0000000000
151004  -28.575  -2.130  -36.780 0.0000000000
151330  -28.614  -1.522  -36.752 0.0000000000
151017  -28.785  -1.531  -36.176 0.0000000000
156205  -22.779  19.993  -41.785 0.0000000000
95424  -22.283  19.863  -43.101 0.0000000000
93705  -21.868  17.860  -44.302 0.0000000000
94619  -22.588  19.120  -44.233 0.0000000000
94632  -23.255  19.257  -44.424 0.0000000000
90762  -23.638  14.704  -43.178 0.0000000000
91753  -25.236  14.784  -44.434 0.0000000000
147335  -25.430  16.081  -45.845 0.0000000000
146362  -24.724  15.915  -47.835 0.0000000000
92736  -24.541  17.234  -48.841 0.0000000000
90782  -25.306  14.302  -48.306 0.0000000000
90789  -24.724  15.093  -49.345 0.0000000000
90784  -25.660  14.662  -48.871 0.0000000000
151781  -26.780  15.481  -47.935 0.0000000000
135213  -26.602  14.821  -47.956 0.0000000000
86857  -25.012  9.989  -42.537 0.0000000000
86856  -23.944  9.760  -42.158 0.0000000000
87813  -25.185  10.960  -42.723 0.0000000000
87832  -25.894  11.753  -44.340 0.0000000000
87842  -27.355  11.503  -45.936 0.0000000000
88795  -26.486  11.992  -46.178 0.0000000000
149054  -27.273  12.575  -46.458 0.0000000000
89756  -27.799  13.264  -46.109 0.0000000000
90772  -28.029  13.862  -44.876 0.0000000000
89757  -28.348  12.964  -45.203 0.0000000000
141613  -28.467  11.836  -44.085 0.0000000000
88779  -28.483  12.602  -44.347 0.0000000000
88770  -28.454  12.379  -43.308 0.0000000000
158836  -28.314  12.825  -42.539 0.0000000000
87798  -28.407  11.981  -42.365 0.0000000000
84259  -27.190  7.523  -43.421 0.0000000000
85987  -27.871  8.918  -44.202 0.0000000000
85126  -28.067  8.186  -43.756 0.0000000000
85952  -28.741  9.491  -41.355 0.0000000000
86847  -28.570  10.397  -41.906 0.0000000000
87794  -28.485  11.107  -41.016 0.0000000000
85932  -29.101  9.504  -39.258 0.0000000000
85916  -29.211  9.475  -38.422 0.0000000000
79142  -23.524  2.165  -41.887 0.0000000000
79156  -26.992  2.652  -41.866 0.0000000000
153139  -27.239  3.425  -42.066 0.0000000000
137157  -28.024  4.614  -42.485 0.0000000000
81189  -28.590  4.455  -41.884 0.0000000000
79120  -29.245  2.194  -39.915 0.0000000000
149511  -29.338  2.968  -39.887 0.0000000000
82194  -29.816  5.690  -38.474 0.0000000000
81161  -29.616  4.405  -39.643 0.0000000000
82202  -29.775  5.251  -39.375 0.0000000000
82217  -29.588  5.278  -40.281 0.0000000000
143361  -29.773  6.263  -39.392 0.0000000000
84197  -29.592  6.977  -39.383 0.0000000000
148237  -29.851  6.625  -38.710 0.0000000000
151623  -29.603  7.481  -37.154 0.0000000000
141230  -29.691  7.441  -37.704 0.0000000000
141760  -29.617  7.978  -37.150 0.0000000000
74268  -29.019  -2.575  -34.465 0.0000000000
75162  -29.339  -1.742  -33.957 0.0000000000
147233  -23.813  5.013  -42.833 0.0000000000
81199  -24.321  4.232  -42.732 0.0000000000
151007  -28.761  0.511  -36.991 0.0000000000
151291  -28.758  0.645  -36.151 0.0000000000
151006  -28.465  1.836  -35.211 0.0000000000
151003  -28.474  2.518  -34.717 0.0000000000
151310  -28.823  1.120  -34.597 0.0000000000
151147  -28.931  1.272  -33.732 0.0000000000
151116  -27.439  -8.768  -30.265 0.0000000000
132154  -28.613  -6.859  -31.961 0.0000000000
132141  -28.479  -7.011  -31.183 0.0000000000
132665  -28.681  -6.567  -30.498 0.0000000000
132322  -27.532  -1.816  -38.855 0.0000000000
132328  -27.811  -2.221  -38.155 0.0000000000
94600  -21.618  19.121  -41.716 0.0000000000
93706  -22.732  17.780  -44.338 0.0000000000
147040  -22.087  17.120  -44.344 0.0000000000
92715  -23.245  16.814  -43.940 0.0000000000
160160  -25.018  14.544  -43.748 0.0000000000
90770  -25.727  13.947  -45.467 0.0000000000
90777  -25.754  13.992  -47.037 0.0000000000
89763  -25.858  12.833  -46.522 0.0000000000
86874  -25.947  10.185  -43.211 0.0000000000
87824  -26.473  11.063  -44.473 0.0000000000
86875  -26.637  10.311  -44.259 0.0000000000
87841  -27.214  11.241  -45.657 0.0000000000
87843  -27.929  11.529  -45.777 0.0000000000
154708  -28.236  12.239  -45.276 0.0000000000
159663  -28.186  10.942  -45.445 0.0000000000
87825  -28.446  10.920  -44.590 0.0000000000
84253  -28.456  7.558  -43.383 0.0000000000
85110  -28.564  8.342  -43.084 0.0000000000
85087  -28.785  8.587  -41.919 0.0000000000
85945  -29.147  8.656  -39.590 0.0000000000
78158  -25.201  2.003  -41.825 0.0000000000
78160  -26.194  1.617  -41.758 0.0000000000
79144  -26.828  1.782  -41.671 0.0000000000
79146  -28.116  2.442  -41.333 0.0000000000
80092  -29.401  4.048  -37.810 0.0000000000
80101  -29.498  3.640  -38.590 0.0000000000
159973  -29.555  4.387  -38.338 0.0000000000
82180  -29.797  6.142  -37.994 0.0000000000
83231  -29.830  6.430  -38.290 0.0000000000
83212  -29.718  6.561  -37.792 0.0000000000
134325  -29.661  7.028  -37.480 0.0000000000
137881  -29.581  7.198  -36.782 0.0000000000
85020  -29.536  8.089  -35.564 0.0000000000
84137  -29.526  7.490  -35.813 0.0000000000
132544  -29.382  -4.995  -32.861 0.0000000000
72367  -29.468  -4.433  -33.036 0.0000000000
73311  -29.300  -4.061  -33.540 0.0000000000
73330  -28.959  -3.404  -34.025 0.0000000000
138426  -29.284  -3.410  -33.379 0.0000000000
74247  -29.383  -2.967  -32.812 0.0000000000
84251  -24.381  6.867  -42.339 0.0000000000
154967  -26.868  8.047  -43.501 0.0000000000
134337  -26.362  7.355  -42.942 0.0000000000
158876  -26.809  7.048  -43.013 0.0000000000
82245  -25.451  5.626  -42.631 0.0000000000
150322  -26.793  6.482  -42.885 0.0000000000
84252  -27.483  7.025  -43.389 0.0000000000
83288  -27.720  6.470  -43.269 0.0000000000
83289  -28.769  6.361  -42.995 0.0000000000
82249  -29.169  5.851  -42.230 0.0000000000
77151  -28.297  0.694  -40.381 0.0000000000
78112  -29.324  1.876  -39.225 0.0000000000
79108  -29.314  2.533  -38.514 0.0000000000
78099  -28.749  1.373  -37.357 0.0000000000
79096  -28.925  2.381  -37.604 0.0000000000
143565  -29.258  3.176  -37.988 0.0000000000
132703  -29.058  3.881  -37.025 0.0000000000
81127  -29.063  4.507  -36.629 0.0000000000
82146  -28.908  4.898  -36.170 0.0000000000
132589  -28.749  5.120  -35.327 0.0000000000
132501  -28.553  4.286  -35.423 0.0000000000
132625  -29.419  -5.151  -32.044 0.0000000000
151244  -29.626  -4.634  -31.102 0.0000000000
77149  -27.267  0.010  -40.997 0.0000000000
77136  -28.286  -0.016  -39.942 0.0000000000
151650  -28.515  -0.087  -39.221 0.0000000000
132683  -28.066  -1.265  -38.405 0.0000000000
132465  -28.505  -0.853  -37.439 0.0000000000
151316  -28.731  -0.258  -37.000 0.0000000000
151134  -28.901  -0.789  -35.813 0.0000000000
94608  -21.467  18.839  -42.954 0.0000000000
95423  -21.910  19.197  -43.744 0.0000000000
150658  -22.369  19.599  -43.920 0.0000000000
94633  -24.290  19.123  -44.847 0.0000000000
94634  -25.117  18.633  -45.470 0.0000000000
93717  -25.703  18.181  -46.290 0.0000000000
161079  -23.254  16.010  -43.625 0.0000000000
140889  -23.922  16.015  -43.779 0.0000000000
92725  -25.246  16.762  -45.107 0.0000000000
160698  -25.391  17.445  -45.500 0.0000000000
93733  -25.442  18.235  -48.293 0.0000000000
93748  -25.459  18.324  -48.950 0.0000000000
91769  -24.338  15.994  -49.363 0.0000000000
91792  -24.951  16.894  -50.260 0.0000000000
86855  -23.118  10.848  -42.118 0.0000000000
88777  -24.601  12.475  -42.664 0.0000000000
88778  -25.270  12.502  -43.516 0.0000000000
88794  -25.913  12.333  -46.101 0.0000000000
154907  -26.071  12.446  -46.700 0.0000000000
89764  -26.370  12.593  -46.825 0.0000000000
89772  -25.890  13.906  -47.620 0.0000000000
90778  -27.136  14.057  -46.874 0.0000000000
155810  -28.376  13.416  -44.281 0.0000000000
90754  -28.180  14.437  -42.632 0.0000000000
89743  -28.248  13.550  -42.163 0.0000000000
85998  -28.124  9.567  -44.478 0.0000000000
148751  -28.487  10.730  -43.620 0.0000000000
86858  -28.511  10.169  -43.173 0.0000000000
144572  -28.451  11.014  -42.665 0.0000000000
86830  -28.815  10.222  -39.762 0.0000000000
142081  -24.565  2.830  -42.357 0.0000000000
153678  -25.261  3.647  -42.535 0.0000000000
80147  -25.829  3.495  -42.389 0.0000000000
81202  -26.276  4.275  -42.533 0.0000000000
81203  -27.232  4.254  -42.485 0.0000000000
82248  -28.645  5.332  -42.654 0.0000000000
78141  -28.479  1.375  -40.688 0.0000000000
79134  -28.573  2.066  -40.911 0.0000000000
80126  -28.621  3.014  -40.905 0.0000000000
80111  -29.546  3.706  -39.456 0.0000000000
80127  -29.302  3.598  -40.269 0.0000000000
81190  -28.913  3.985  -41.018 0.0000000000
82232  -29.276  4.803  -41.166 0.0000000000
134026  -29.342  5.522  -41.230 0.0000000000
83277  -29.256  6.261  -41.308 0.0000000000
136545  -29.343  6.623  -40.275 0.0000000000
85075  -29.397  7.765  -39.452 0.0000000000
85063  -29.528  8.052  -38.822 0.0000000000
84180  -29.790  7.053  -38.197 0.0000000000
149543  -29.697  7.854  -38.176 0.0000000000
85917  -29.502  8.692  -37.963 0.0000000000
132479  -28.500  -2.739  -36.543 0.0000000000
157057  -28.830  -2.523  -35.222 0.0000000000
132546  -28.818  -2.043  -35.745 0.0000000000
132847  -29.111  -0.989  -34.556 0.0000000000
66954  -27.497  -8.540  -31.097 0.0000000000
76217  -27.791  0.047  -40.553 0.0000000000
78111  -28.820  0.701  -38.561 0.0000000000
78142  -28.884  1.849  -40.468 0.0000000000
78152  -26.700  1.069  -41.346 0.0000000000
78159  -25.622  2.153  -41.925 0.0000000000
79145  -27.575  2.020  -41.590 0.0000000000
79153  -25.067  2.567  -42.147 0.0000000000
80091  -29.049  3.288  -37.436 0.0000000000
80135  -27.619  2.985  -41.619 0.0000000000
80144  -23.387  3.325  -42.313 0.0000000000
80146  -24.832  3.364  -42.520 0.0000000000
81142  -29.613  4.993  -38.104 0.0000000000
81204  -27.819  3.868  -42.023 0.0000000000
83195  -29.591  6.643  -37.196 0.0000000000
83295  -28.343  6.908  -43.535 0.0000000000
85988  -28.255  8.911  -43.865 0.0000000000
86876  -28.384  10.141  -44.299 0.0000000000
86887  -27.066  10.723  -45.113 0.0000000000
87833  -27.900  10.970  -45.668 0.0000000000
88784  -25.612  12.389  -44.878 0.0000000000
88796  -27.200  11.970  -46.234 0.0000000000
89741  -23.318  13.202  -42.478 0.0000000000
90783  -25.165  14.454  -49.005 0.0000000000
90790  -25.080  15.313  -49.652 0.0000000000
91779  -24.565  16.129  -50.215 0.0000000000
91780  -25.079  16.412  -50.170 0.0000000000
92760  -25.434  16.984  -50.039 0.0000000000
93747  -24.907  18.025  -49.366 0.0000000000
93757  -25.139  17.577  -49.803 0.0000000000
133063  -28.097  5.943  -43.063 0.0000000000
133664  -28.289  11.944  -41.311 0.0000000000
137840  -24.449  11.678  -42.408 0.0000000000
144485  -25.064  5.003  -42.692 0.0000000000
150126  -28.172  -0.588  -39.297 0.0000000000
151307  -28.886  -1.445  -35.657 0.0000000000
151311  -28.744  2.710  -33.888 0.0000000000
151662  -29.793  5.734  -39.534 0.0000000000
151838  -28.690  -1.841  -36.459 0.0000000000
153879  -24.657  6.355  -42.431 0.0000000000
155062  -25.931  6.162  -42.661 0.0000000000
160829  -28.289  6.437  -43.324 0.0000000000
