#!ascii label  , from subject 003_FS vox2ras=TkReg
331
83216  28.860  6.360  -43.515 0.0000000000
73984  28.291  -1.483  -37.188 0.0000000000
87973  28.209  11.980  -40.576 0.0000000000
95498  23.289  20.755  -41.360 0.0000000000
71970  26.815  -4.170  -37.000 0.0000000000
88845  27.557  13.922  -43.732 0.0000000000
151810  27.713  16.008  -42.108 0.0000000000
80307  28.422  4.915  -40.405 0.0000000000
78283  29.305  2.553  -41.866 0.0000000000
155015  30.537  5.864  -42.792 0.0000000000
84233  28.938  8.120  -46.135 0.0000000000
84214  31.848  8.730  -45.031 0.0000000000
86141  29.350  9.860  -42.016 0.0000000000
87111  28.144  10.759  -45.378 0.0000000000
132417  23.822  18.842  -40.589 0.0000000000
152873  27.306  18.503  -41.807 0.0000000000
77176  29.610  1.032  -39.074 0.0000000000
157658  27.800  14.952  -40.247 0.0000000000
150771  26.753  16.188  -39.554 0.0000000000
82291  28.799  5.895  -41.408 0.0000000000
81374  29.320  4.607  -43.245 0.0000000000
82316  30.226  5.702  -44.109 0.0000000000
72997  27.630  -2.858  -37.336 0.0000000000
86142  29.046  10.667  -41.292 0.0000000000
86159  28.975  10.918  -43.287 0.0000000000
87083  28.771  11.623  -42.561 0.0000000000
89737  26.424  14.526  -45.343 0.0000000000
88850  27.364  13.448  -44.954 0.0000000000
95507  21.653  20.733  -42.440 0.0000000000
150804  22.380  18.452  -41.651 0.0000000000
150775  23.912  19.680  -40.497 0.0000000000
97293  27.305  22.902  -43.686 0.0000000000
96433  27.179  21.419  -43.371 0.0000000000
94496  27.343  20.250  -41.276 0.0000000000
94525  26.477  19.791  -44.118 0.0000000000
93576  26.519  18.441  -43.791 0.0000000000
80315  30.389  4.254  -40.781 0.0000000000
78248  29.544  1.685  -40.776 0.0000000000
70969  25.728  -5.074  -36.775 0.0000000000
88838  28.300  13.305  -42.205 0.0000000000
88831  28.159  13.910  -40.928 0.0000000000
144093  27.716  15.409  -42.739 0.0000000000
143009  26.197  16.269  -44.488 0.0000000000
78250  28.246  1.495  -40.319 0.0000000000
79305  28.875  2.742  -41.813 0.0000000000
79345  29.598  3.855  -42.770 0.0000000000
82282  30.592  5.662  -41.141 0.0000000000
151555  28.879  7.455  -45.164 0.0000000000
83240  29.787  6.890  -44.813 0.0000000000
84230  30.629  8.026  -46.554 0.0000000000
83203  28.895  6.803  -41.398 0.0000000000
84143  28.153  8.154  -39.995 0.0000000000
84171  29.216  8.208  -41.813 0.0000000000
85237  29.291  9.040  -43.775 0.0000000000
86185  28.436  9.872  -46.008 0.0000000000
86196  27.718  10.669  -47.641 0.0000000000
87995  28.065  12.482  -43.697 0.0000000000
88011  26.919  11.921  -46.372 0.0000000000
150762  24.022  17.429  -40.112 0.0000000000
96408  25.556  21.610  -40.656 0.0000000000
95487  25.545  20.196  -40.335 0.0000000000
150834  26.208  18.561  -39.911 0.0000000000
132497  26.736  17.832  -40.124 0.0000000000
92620  27.191  17.665  -42.435 0.0000000000
91646  26.460  16.970  -43.973 0.0000000000
74004  28.172  -1.344  -39.297 0.0000000000
77187  28.687  0.364  -40.848 0.0000000000
83214  30.847  7.307  -43.462 0.0000000000
83200  30.985  7.529  -42.212 0.0000000000
150837  26.068  15.663  -39.224 0.0000000000
132449  25.787  16.358  -39.273 0.0000000000
82290  28.879  5.864  -42.720 0.0000000000
82303  29.127  5.315  -43.561 0.0000000000
82317  29.233  5.766  -44.133 0.0000000000
153275  24.834  -6.269  -35.883 0.0000000000
69949  25.185  -5.805  -36.287 0.0000000000
73993  28.033  -2.248  -37.857 0.0000000000
87070  28.611  11.322  -40.650 0.0000000000
87077  28.755  11.430  -41.582 0.0000000000
151982  28.470  12.029  -41.121 0.0000000000
90681  26.092  15.443  -45.144 0.0000000000
95499  22.477  21.236  -42.019 0.0000000000
94498  21.825  19.797  -42.457 0.0000000000
138763  23.262  19.959  -41.133 0.0000000000
95489  23.826  20.377  -40.669 0.0000000000
95520  26.853  20.519  -43.637 0.0000000000
94536  25.827  20.081  -44.952 0.0000000000
81334  30.732  5.097  -39.912 0.0000000000
79287  30.215  3.359  -40.432 0.0000000000
158264  26.967  -2.903  -38.867 0.0000000000
150788  27.514  13.309  -39.848 0.0000000000
150772  27.196  13.818  -39.483 0.0000000000
90657  27.742  15.639  -40.980 0.0000000000
90664  28.037  15.341  -41.904 0.0000000000
90670  27.157  15.436  -43.648 0.0000000000
91645  27.399  16.164  -43.018 0.0000000000
96424  21.677  22.022  -42.347 0.0000000000
79288  28.327  3.174  -40.556 0.0000000000
80316  28.684  3.734  -41.432 0.0000000000
81373  30.011  4.741  -43.367 0.0000000000
80341  29.495  4.219  -43.087 0.0000000000
143047  30.054  4.362  -42.862 0.0000000000
81358  30.490  4.887  -41.924 0.0000000000
147311  30.575  5.705  -42.025 0.0000000000
154540  26.178  -4.546  -37.164 0.0000000000
70968  26.338  -4.645  -36.411 0.0000000000
132666  29.420  7.842  -46.318 0.0000000000
84231  29.691  7.545  -45.976 0.0000000000
140559  30.016  7.893  -46.651 0.0000000000
82283  28.524  6.672  -40.624 0.0000000000
85205  28.765  9.565  -40.631 0.0000000000
84158  28.794  8.677  -40.966 0.0000000000
85213  29.398  8.810  -42.323 0.0000000000
85225  29.286  8.395  -43.234 0.0000000000
153414  29.418  9.265  -42.845 0.0000000000
145035  28.436  10.984  -44.286 0.0000000000
86172  28.686  9.943  -44.955 0.0000000000
86195  28.182  9.896  -46.988 0.0000000000
86186  27.890  10.650  -46.499 0.0000000000
88844  27.879  13.186  -43.179 0.0000000000
87996  27.643  13.111  -44.150 0.0000000000
88857  26.916  12.797  -45.801 0.0000000000
87131  27.192  11.360  -48.044 0.0000000000
150797  23.114  18.697  -41.145 0.0000000000
132434  22.130  17.584  -41.503 0.0000000000
150835  23.432  18.134  -40.507 0.0000000000
150774  23.011  17.356  -40.742 0.0000000000
150818  24.341  18.303  -40.038 0.0000000000
97276  27.306  22.491  -42.302 0.0000000000
97286  27.364  23.107  -42.860 0.0000000000
96407  26.435  21.293  -40.784 0.0000000000
95497  27.150  21.169  -41.187 0.0000000000
93564  27.295  19.445  -42.196 0.0000000000
94484  27.052  19.700  -40.669 0.0000000000
146136  27.113  19.030  -40.597 0.0000000000
132439  26.860  18.603  -40.309 0.0000000000
93544  27.294  18.366  -40.806 0.0000000000
92603  27.332  17.393  -40.827 0.0000000000
93587  26.018  18.493  -44.578 0.0000000000
92643  26.253  17.710  -44.239 0.0000000000
92644  25.775  17.705  -44.890 0.0000000000
91652  25.911  17.006  -44.738 0.0000000000
74997  27.573  -1.608  -39.373 0.0000000000
135165  28.675  2.056  -41.130 0.0000000000
78249  29.089  0.951  -41.552 0.0000000000
78237  29.758  1.861  -39.488 0.0000000000
77185  29.389  0.923  -40.316 0.0000000000
76109  29.333  0.065  -40.053 0.0000000000
76110  29.043  -0.279  -39.422 0.0000000000
84215  31.170  8.094  -44.739 0.0000000000
84216  30.610  7.368  -44.446 0.0000000000
84201  31.354  8.189  -43.670 0.0000000000
132416  27.354  14.689  -39.624 0.0000000000
150751  26.752  15.246  -39.310 0.0000000000
150789  27.430  15.530  -39.888 0.0000000000
91628  27.547  16.591  -41.272 0.0000000000
81348  28.785  4.969  -41.303 0.0000000000
81360  28.948  4.057  -42.543 0.0000000000
81359  29.087  4.653  -43.128 0.0000000000
81386  29.719  5.210  -43.683 0.0000000000
82302  30.332  5.480  -43.601 0.0000000000
72998  27.157  -3.598  -37.739 0.0000000000
71969  27.331  -3.388  -36.539 0.0000000000
158163  27.669  -2.646  -36.479 0.0000000000
154725  27.763  -2.118  -36.051 0.0000000000
84257  29.789  8.857  -47.522 0.0000000000
84246  30.006  8.245  -47.080 0.0000000000
85195  28.363  9.950  -39.835 0.0000000000
154502  29.135  9.994  -41.142 0.0000000000
86149  29.343  10.016  -43.027 0.0000000000
86150  29.093  10.789  -42.277 0.0000000000
87091  28.547  11.778  -43.465 0.0000000000
146681  27.164  14.195  -44.634 0.0000000000
160291  27.439  13.680  -44.337 0.0000000000
88851  26.641  13.678  -45.577 0.0000000000
88858  25.916  13.054  -46.588 0.0000000000
132353  23.365  19.253  -41.061 0.0000000000
96442  26.998  22.018  -43.999 0.0000000000
96423  27.366  21.672  -42.492 0.0000000000
95506  27.408  21.056  -41.832 0.0000000000
94517  27.134  20.038  -42.971 0.0000000000
94518  26.762  19.281  -43.388 0.0000000000
93565  26.944  18.494  -42.872 0.0000000000
145984  26.379  19.049  -44.106 0.0000000000
93596  25.637  19.098  -45.128 0.0000000000
78263  29.765  2.464  -41.353 0.0000000000
78264  29.268  1.822  -41.467 0.0000000000
78247  30.013  2.560  -40.045 0.0000000000
69959  24.408  -5.645  -36.768 0.0000000000
70977  25.601  -4.609  -37.429 0.0000000000
71979  26.339  -4.062  -37.850 0.0000000000
153843  26.768  -3.337  -38.487 0.0000000000
73005  27.430  -2.880  -38.449 0.0000000000
74005  27.812  -2.057  -38.817 0.0000000000
87965  27.629  12.344  -40.135 0.0000000000
88824  28.274  12.637  -40.788 0.0000000000
88825  28.013  13.282  -40.452 0.0000000000
88830  28.314  13.332  -41.258 0.0000000000
89715  28.316  14.029  -41.789 0.0000000000
89716  28.112  14.694  -41.179 0.0000000000
89722  28.129  14.727  -42.306 0.0000000000
89729  27.666  14.699  -43.234 0.0000000000
89736  27.265  14.683  -43.928 0.0000000000
158976  26.539  15.707  -44.247 0.0000000000
150852  21.727  21.383  -42.350 0.0000000000
96417  23.362  21.597  -41.476 0.0000000000
79328  29.159  2.910  -42.147 0.0000000000
80328  28.979  3.329  -42.461 0.0000000000
154020  29.198  3.392  -42.534 0.0000000000
79327  29.341  3.066  -42.347 0.0000000000
80326  30.005  4.050  -41.993 0.0000000000
81347  30.576  5.093  -40.833 0.0000000000
82267  30.828  5.997  -40.157 0.0000000000
137029  28.847  7.299  -44.625 0.0000000000
83229  28.986  6.523  -44.406 0.0000000000
83252  29.466  7.226  -45.309 0.0000000000
135401  30.232  7.435  -45.392 0.0000000000
148662  31.106  8.119  -45.623 0.0000000000
84245  30.850  8.239  -47.480 0.0000000000
84229  31.804  8.414  -46.285 0.0000000000
85262  32.733  8.888  -45.635 0.0000000000
81335  28.458  5.824  -40.576 0.0000000000
83202  29.068  7.030  -42.264 0.0000000000
83191  28.551  7.498  -40.601 0.0000000000
138646  28.919  7.743  -41.250 0.0000000000
84170  29.200  7.709  -42.769 0.0000000000
84202  28.894  7.967  -44.099 0.0000000000
85252  28.795  8.066  -44.698 0.0000000000
150896  29.133  10.017  -43.987 0.0000000000
85263  28.885  9.036  -45.649 0.0000000000
146049  28.841  9.176  -46.449 0.0000000000
85275  28.680  9.444  -47.114 0.0000000000
86209  28.393  10.169  -47.806 0.0000000000
87988  28.402  12.478  -42.678 0.0000000000
148841  28.115  11.834  -44.175 0.0000000000
88004  27.544  12.824  -44.999 0.0000000000
87100  27.402  12.117  -45.360 0.0000000000
87112  27.578  11.399  -45.862 0.0000000000
87123  27.317  11.287  -47.004 0.0000000000
150773  24.171  16.600  -39.943 0.0000000000
97265  24.189  21.967  -40.960 0.0000000000
97253  25.038  22.177  -40.692 0.0000000000
96410  23.986  21.131  -40.837 0.0000000000
95488  24.612  20.579  -40.485 0.0000000000
150836  24.723  19.832  -40.272 0.0000000000
150757  24.608  19.089  -40.118 0.0000000000
95486  26.933  20.506  -40.726 0.0000000000
150778  25.648  19.338  -40.050 0.0000000000
150822  25.262  18.487  -39.790 0.0000000000
132411  24.941  17.731  -39.651 0.0000000000
150776  25.827  17.819  -39.633 0.0000000000
150777  25.438  17.090  -39.477 0.0000000000
132326  26.998  16.925  -40.137 0.0000000000
160252  27.322  16.797  -40.615 0.0000000000
91637  27.437  16.784  -42.328 0.0000000000
92634  26.725  17.713  -43.444 0.0000000000
92633  27.041  16.945  -43.205 0.0000000000
91659  25.575  16.268  -45.424 0.0000000000
73992  28.328  -1.514  -38.298 0.0000000000
148766  28.184  0.290  -39.996 0.0000000000
77201  29.011  0.790  -41.346 0.0000000000
76129  29.105  0.127  -40.878 0.0000000000
155079  28.485  -0.259  -40.091 0.0000000000
75015  28.498  -0.555  -39.690 0.0000000000
74996  28.640  -0.797  -38.768 0.0000000000
82325  29.596  6.193  -44.419 0.0000000000
142158  30.534  6.075  -43.929 0.0000000000
83215  30.621  6.520  -43.045 0.0000000000
84185  31.940  8.808  -43.024 0.0000000000
84186  31.416  8.235  -42.564 0.0000000000
83201  30.659  6.658  -42.012 0.0000000000
82281  30.702  6.510  -41.027 0.0000000000
74006  26.778  -1.629  -39.362 0.0000000000
77186  29.026  0.282  -41.113 0.0000000000
78265  29.106  2.098  -41.620 0.0000000000
78282  29.587  2.857  -42.021 0.0000000000
79304  30.010  3.199  -41.646 0.0000000000
79326  29.644  3.297  -42.354 0.0000000000
80327  29.179  3.914  -42.933 0.0000000000
80350  29.622  4.648  -43.314 0.0000000000
81393  29.742  5.631  -44.146 0.0000000000
82268  27.868  6.499  -39.900 0.0000000000
83228  30.328  6.417  -44.291 0.0000000000
83241  29.157  6.937  -44.992 0.0000000000
84187  28.828  7.274  -43.903 0.0000000000
84217  28.779  8.023  -45.468 0.0000000000
84232  29.123  7.488  -45.642 0.0000000000
84247  29.272  8.698  -46.823 0.0000000000
85214  29.159  9.215  -41.472 0.0000000000
85253  28.984  9.061  -44.727 0.0000000000
86132  28.789  10.433  -40.496 0.0000000000
87064  28.066  11.564  -40.155 0.0000000000
87099  27.847  11.559  -44.881 0.0000000000
87981  28.405  12.654  -41.624 0.0000000000
88003  27.778  12.311  -44.525 0.0000000000
88839  28.072  13.996  -42.773 0.0000000000
89743  25.659  13.801  -46.347 0.0000000000
90671  26.763  16.237  -43.779 0.0000000000
90677  26.746  15.040  -44.429 0.0000000000
92611  27.440  17.259  -41.668 0.0000000000
93554  27.361  17.842  -41.492 0.0000000000
94497  22.667  19.323  -41.728 0.0000000000
96409  24.788  21.418  -40.621 0.0000000000
96425  20.984  21.562  -42.527 0.0000000000
98155  27.125  23.273  -42.139 0.0000000000
132424  26.631  19.187  -40.283 0.0000000000
132427  27.777  14.092  -40.170 0.0000000000
132431  22.756  18.059  -41.005 0.0000000000
132480  27.361  16.296  -40.328 0.0000000000
135896  29.006  5.059  -42.158 0.0000000000
136392  28.770  -0.040  -40.569 0.0000000000
140401  27.346  19.238  -41.107 0.0000000000
142884  27.393  20.337  -42.162 0.0000000000
145224  26.081  19.301  -44.574 0.0000000000
146267  27.357  22.285  -43.108 0.0000000000
149314  26.704  21.978  -41.248 0.0000000000
149815  30.382  5.078  -42.919 0.0000000000
150785  26.423  19.915  -40.388 0.0000000000
150810  26.591  14.378  -39.255 0.0000000000
150823  26.333  17.068  -39.551 0.0000000000
151928  28.527  12.047  -41.895 0.0000000000
152925  24.712  17.059  -39.720 0.0000000000
153589  24.193  20.127  -40.407 0.0000000000
155224  26.250  20.574  -40.516 0.0000000000
156343  28.541  8.218  -40.566 0.0000000000
156718  29.329  3.609  -42.701 0.0000000000
157498  28.091  9.423  -39.705 0.0000000000
158105  26.794  19.896  -43.555 0.0000000000
158349  29.053  1.441  -41.426 0.0000000000
159316  30.420  4.584  -41.342 0.0000000000
159463  28.830  6.342  -42.938 0.0000000000
