#!ascii label  , from subject 003_FS vox2ras=TkReg
1125
123763  27.902  62.755  8.855 0.0000000000
123764  27.190  63.082  9.028 0.0000000000
123769  28.048  62.585  7.929 0.0000000000
123770  27.225  62.749  8.218 0.0000000000
123777  28.047  62.559  6.906 0.0000000000
123778  27.503  62.578  7.471 0.0000000000
123779  26.877  62.682  7.370 0.0000000000
123788  28.196  62.597  5.831 0.0000000000
123789  27.417  62.508  6.194 0.0000000000
123790  26.731  62.595  6.576 0.0000000000
123791  26.032  62.734  6.177 0.0000000000
123802  28.602  62.923  5.275 0.0000000000
123803  27.417  62.540  5.298 0.0000000000
123804  26.669  62.541  5.689 0.0000000000
123805  25.892  62.602  5.244 0.0000000000
123813  28.074  62.666  4.923 0.0000000000
123814  27.410  62.679  4.587 0.0000000000
123815  26.607  62.597  4.677 0.0000000000
123822  27.048  62.861  3.952 0.0000000000
124254  27.136  63.783  10.371 0.0000000000
124259  28.617  63.160  9.516 0.0000000000
124260  27.602  63.236  9.663 0.0000000000
124261  26.656  63.596  9.623 0.0000000000
124262  25.994  63.970  9.089 0.0000000000
124272  29.411  63.295  8.900 0.0000000000
124273  28.722  62.902  8.449 0.0000000000
124274  26.539  63.348  8.711 0.0000000000
124275  25.892  63.810  8.297 0.0000000000
124284  29.392  63.269  7.953 0.0000000000
124285  28.773  62.842  7.470 0.0000000000
124286  26.430  63.183  7.871 0.0000000000
124287  25.745  63.614  7.504 0.0000000000
124293  29.370  63.314  7.027 0.0000000000
124294  28.794  62.883  6.535 0.0000000000
124295  26.226  62.941  7.040 0.0000000000
124296  25.542  63.312  6.674 0.0000000000
124297  24.823  63.644  6.278 0.0000000000
124305  29.335  63.387  6.155 0.0000000000
124306  28.832  63.007  5.813 0.0000000000
124307  25.234  62.866  4.949 0.0000000000
124308  24.632  63.297  5.315 0.0000000000
124318  29.212  63.402  5.273 0.0000000000
124319  28.671  63.221  4.554 0.0000000000
124320  27.867  62.974  4.161 0.0000000000
124321  25.704  62.726  4.336 0.0000000000
124322  24.780  63.187  4.189 0.0000000000
124334  29.215  63.900  4.036 0.0000000000
124335  28.382  63.549  3.678 0.0000000000
124336  27.517  63.384  3.462 0.0000000000
124337  26.601  63.373  3.252 0.0000000000
124338  25.576  63.216  3.430 0.0000000000
124339  24.721  63.514  3.272 0.0000000000
124350  25.888  63.863  2.727 0.0000000000
124792  24.091  65.260  11.031 0.0000000000
124802  26.364  64.203  10.354 0.0000000000
124803  25.599  64.538  10.538 0.0000000000
124804  24.826  64.869  10.740 0.0000000000
124812  25.916  64.239  9.806 0.0000000000
124813  25.540  64.477  9.310 0.0000000000
124814  25.058  65.064  9.094 0.0000000000
124827  30.553  64.381  8.870 0.0000000000
124828  29.939  63.883  9.305 0.0000000000
124829  25.421  64.469  7.845 0.0000000000
124830  25.202  65.178  8.141 0.0000000000
124841  30.446  64.469  7.913 0.0000000000
124842  29.910  63.880  7.466 0.0000000000
124843  25.174  64.164  7.088 0.0000000000
124844  24.917  65.143  7.386 0.0000000000
124856  30.315  64.604  6.118 0.0000000000
124857  29.855  63.951  6.578 0.0000000000
124858  24.522  64.503  6.623 0.0000000000
124859  23.835  64.729  6.146 0.0000000000
124874  30.331  64.611  5.267 0.0000000000
124875  29.809  64.000  5.704 0.0000000000
124876  23.957  63.697  4.743 0.0000000000
124877  23.443  64.344  5.303 0.0000000000
124891  30.287  64.767  4.553 0.0000000000
124892  29.731  64.067  4.813 0.0000000000
124893  24.006  63.787  3.655 0.0000000000
124894  23.339  64.294  4.272 0.0000000000
124904  30.089  65.038  3.853 0.0000000000
124905  29.459  64.713  3.528 0.0000000000
124906  27.858  64.172  3.030 0.0000000000
124907  27.159  63.960  2.987 0.0000000000
124908  25.127  63.756  2.828 0.0000000000
124909  24.368  64.199  2.797 0.0000000000
124910  23.429  64.610  3.254 0.0000000000
124919  28.032  65.214  2.641 0.0000000000
124920  27.101  64.896  2.511 0.0000000000
124921  26.149  64.812  2.330 0.0000000000
124922  25.255  64.482  2.411 0.0000000000
124943  41.919  64.302  -1.751 0.0000000000
124944  41.206  64.468  -2.097 0.0000000000
125314  24.083  65.326  11.853 0.0000000000
125322  23.502  65.783  11.435 0.0000000000
125332  24.383  65.264  10.052 0.0000000000
125333  23.721  65.652  10.591 0.0000000000
125348  24.457  65.627  9.172 0.0000000000
125349  23.782  65.998  9.719 0.0000000000
125359  30.996  65.968  7.893 0.0000000000
125361  24.760  65.697  8.370 0.0000000000
125371  30.900  66.061  7.086 0.0000000000
125372  30.698  65.252  7.456 0.0000000000
125373  24.542  65.934  7.410 0.0000000000
125374  24.040  65.977  6.867 0.0000000000
125388  31.190  66.022  6.191 0.0000000000
125389  30.738  65.290  5.685 0.0000000000
125390  24.336  65.326  6.799 0.0000000000
125391  23.710  65.371  6.376 0.0000000000
125406  31.344  65.784  5.235 0.0000000000
125407  30.794  65.250  4.867 0.0000000000
125408  23.270  65.110  5.749 0.0000000000
125409  22.693  65.615  5.463 0.0000000000
125421  31.247  65.773  4.360 0.0000000000
125422  30.679  65.357  4.147 0.0000000000
125423  22.974  64.958  4.872 0.0000000000
125424  22.465  65.578  4.588 0.0000000000
125430  31.003  65.839  3.744 0.0000000000
125431  30.398  65.667  3.496 0.0000000000
125432  29.627  65.529  3.213 0.0000000000
125433  28.698  64.413  3.233 0.0000000000
125434  22.844  64.992  3.963 0.0000000000
125435  22.468  65.705  3.729 0.0000000000
125441  28.938  66.289  2.734 0.0000000000
125442  28.174  66.213  2.520 0.0000000000
125443  27.459  65.971  2.200 0.0000000000
125444  26.747  65.452  2.076 0.0000000000
125445  25.487  65.138  2.072 0.0000000000
125446  24.612  65.117  2.157 0.0000000000
125447  23.228  65.409  2.668 0.0000000000
125448  22.639  65.902  2.938 0.0000000000
125453  27.087  65.575  1.644 0.0000000000
125454  26.129  65.319  1.567 0.0000000000
125455  25.236  65.422  1.319 0.0000000000
125456  23.029  66.202  2.150 0.0000000000
125464  26.766  65.337  0.573 0.0000000000
125465  25.923  65.373  0.472 0.0000000000
125466  25.195  65.586  0.374 0.0000000000
125467  24.696  65.705  0.874 0.0000000000
125469  27.301  65.376  -0.190 0.0000000000
125470  26.451  65.367  -0.435 0.0000000000
125471  25.666  65.473  -0.220 0.0000000000
125477  43.404  65.796  -1.553 0.0000000000
125478  42.485  65.098  -1.583 0.0000000000
125479  41.555  65.581  -1.662 0.0000000000
125481  27.261  65.548  -1.020 0.0000000000
125482  26.441  65.737  -1.295 0.0000000000
125851  23.270  66.312  12.051 0.0000000000
125868  23.310  66.281  10.631 0.0000000000
125881  24.321  66.308  8.660 0.0000000000
125882  23.312  66.787  9.901 0.0000000000
125903  31.311  66.592  7.510 0.0000000000
125904  24.605  66.498  7.876 0.0000000000
125905  24.292  66.660  7.431 0.0000000000
125914  31.820  66.680  6.440 0.0000000000
125915  23.469  66.527  6.791 0.0000000000
125916  22.618  66.319  6.047 0.0000000000
125921  32.606  66.861  5.841 0.0000000000
125922  31.895  66.328  5.582 0.0000000000
125923  23.235  65.792  6.232 0.0000000000
125924  22.207  66.244  5.180 0.0000000000
125928  32.437  66.539  5.068 0.0000000000
125929  31.834  66.228  4.673 0.0000000000
125930  22.151  66.328  4.286 0.0000000000
125934  32.385  66.679  4.227 0.0000000000
125935  31.573  66.375  3.697 0.0000000000
125936  30.755  66.349  3.226 0.0000000000
125937  29.806  66.331  2.992 0.0000000000
125938  22.223  66.490  3.386 0.0000000000
125943  30.050  67.142  2.754 0.0000000000
125944  29.012  67.152  2.642 0.0000000000
125945  28.442  66.877  2.364 0.0000000000
125946  27.998  66.566  2.166 0.0000000000
125947  22.445  66.722  2.557 0.0000000000
125952  28.259  67.006  2.045 0.0000000000
125953  27.801  66.343  1.915 0.0000000000
125954  24.171  66.022  1.028 0.0000000000
125955  23.502  66.585  1.228 0.0000000000
125956  22.837  67.097  1.712 0.0000000000
125964  28.383  66.577  1.494 0.0000000000
125965  27.789  65.645  0.761 0.0000000000
125966  25.077  65.869  -0.362 0.0000000000
125967  24.599  66.038  0.315 0.0000000000
125968  24.006  66.649  0.367 0.0000000000
125972  28.641  66.279  0.241 0.0000000000
125973  28.018  65.746  -0.492 0.0000000000
125974  25.663  65.668  -0.912 0.0000000000
125975  24.482  66.457  -0.367 0.0000000000
125976  24.064  67.031  -0.319 0.0000000000
125981  46.446  66.674  -2.182 0.0000000000
125982  45.220  66.530  -1.915 0.0000000000
125983  44.024  66.473  -1.466 0.0000000000
125984  42.350  66.061  -1.415 0.0000000000
125985  41.472  66.438  -1.498 0.0000000000
125987  28.703  66.472  -0.916 0.0000000000
125988  27.872  66.184  -1.397 0.0000000000
125989  27.067  66.107  -1.623 0.0000000000
126366  23.212  66.909  12.583 0.0000000000
126367  22.873  67.663  12.305 0.0000000000
126379  22.973  67.008  11.757 0.0000000000
126380  22.762  67.781  11.437 0.0000000000
126392  22.874  68.010  10.598 0.0000000000
126401  24.337  67.234  8.287 0.0000000000
126402  23.736  67.514  9.185 0.0000000000
126413  24.130  68.291  8.754 0.0000000000
126422  31.924  67.720  7.587 0.0000000000
126424  24.391  67.370  7.837 0.0000000000
126425  22.851  67.974  7.042 0.0000000000
126429  33.029  67.389  6.365 0.0000000000
126430  32.202  67.439  6.870 0.0000000000
126431  31.643  67.116  7.143 0.0000000000
126432  23.882  67.446  7.383 0.0000000000
126433  22.680  67.129  6.634 0.0000000000
126436  33.378  67.325  5.646 0.0000000000
126437  21.651  67.774  5.369 0.0000000000
126442  33.540  67.449  4.735 0.0000000000
126443  32.924  66.972  4.976 0.0000000000
126444  21.896  67.129  3.915 0.0000000000
126445  21.625  67.782  4.434 0.0000000000
126449  33.441  67.792  3.865 0.0000000000
126450  32.902  67.242  4.110 0.0000000000
126451  31.219  67.163  2.959 0.0000000000
126452  22.040  67.297  3.047 0.0000000000
126453  21.771  67.922  3.548 0.0000000000
126458  31.244  68.231  2.656 0.0000000000
126459  30.273  68.065  2.522 0.0000000000
126460  29.273  67.968  2.370 0.0000000000
126461  28.653  67.578  2.132 0.0000000000
126462  22.381  67.606  2.243 0.0000000000
126468  29.061  67.893  1.708 0.0000000000
126469  28.585  67.535  1.968 0.0000000000
126470  23.293  67.595  0.866 0.0000000000
126471  22.730  68.056  1.416 0.0000000000
126480  29.578  67.677  0.703 0.0000000000
126481  28.972  67.089  1.048 0.0000000000
126482  23.731  67.519  0.131 0.0000000000
126485  43.855  67.781  -0.611 0.0000000000
126486  42.824  67.730  -0.570 0.0000000000
126487  41.885  67.838  -0.670 0.0000000000
126488  41.032  68.098  -1.031 0.0000000000
126489  29.749  67.720  -0.453 0.0000000000
126490  29.318  66.962  -0.167 0.0000000000
126491  24.273  66.975  -0.981 0.0000000000
126492  23.743  67.508  -0.766 0.0000000000
126495  47.094  67.501  -2.032 0.0000000000
126496  45.887  67.365  -1.773 0.0000000000
126497  44.545  67.201  -1.297 0.0000000000
126498  43.408  67.075  -1.013 0.0000000000
126499  42.296  66.978  -1.053 0.0000000000
126500  41.314  67.366  -1.245 0.0000000000
126501  40.554  67.700  -1.658 0.0000000000
126503  29.286  67.256  -1.190 0.0000000000
126507  23.241  67.606  -1.639 0.0000000000
126869  22.787  68.398  12.856 0.0000000000
126881  22.627  68.463  11.981 0.0000000000
126893  22.634  68.605  11.136 0.0000000000
126902  23.398  68.386  9.718 0.0000000000
126903  22.923  68.770  10.439 0.0000000000
126920  24.540  68.891  8.225 0.0000000000
126925  33.049  68.539  7.332 0.0000000000
126926  32.312  68.178  7.573 0.0000000000
126927  24.533  68.730  7.958 0.0000000000
126928  23.960  68.502  7.584 0.0000000000
126929  22.954  68.709  7.274 0.0000000000
126934  34.482  68.446  5.811 0.0000000000
126935  33.679  67.932  6.404 0.0000000000
126936  32.842  67.856  6.954 0.0000000000
126937  22.127  68.604  6.801 0.0000000000
126938  21.515  68.667  5.938 0.0000000000
126943  34.604  68.420  4.842 0.0000000000
126944  34.016  67.877  5.335 0.0000000000
126945  22.017  67.811  6.305 0.0000000000
126950  34.533  68.611  3.921 0.0000000000
126951  34.034  68.071  4.380 0.0000000000
126952  21.433  68.500  4.887 0.0000000000
126958  34.242  68.830  3.050 0.0000000000
126959  33.857  68.365  3.515 0.0000000000
126960  32.159  68.437  2.780 0.0000000000
126961  21.923  68.905  3.184 0.0000000000
126962  21.569  68.436  4.048 0.0000000000
126967  33.157  68.783  2.753 0.0000000000
126968  32.199  69.183  2.569 0.0000000000
126969  31.261  69.406  2.586 0.0000000000
126970  29.913  69.832  2.401 0.0000000000
126971  22.422  68.449  2.047 0.0000000000
126978  38.842  68.212  1.142 0.0000000000
126979  37.896  68.051  1.309 0.0000000000
126980  36.925  68.112  1.384 0.0000000000
126981  35.655  68.323  0.891 0.0000000000
126982  34.863  68.698  1.214 0.0000000000
126983  30.308  69.341  1.171 0.0000000000
126984  29.530  68.712  1.786 0.0000000000
126985  23.101  68.472  0.779 0.0000000000
126993  40.259  68.629  0.082 0.0000000000
126994  39.338  68.049  0.226 0.0000000000
126995  38.359  67.683  0.346 0.0000000000
126996  37.330  67.697  0.529 0.0000000000
126997  36.449  67.994  0.698 0.0000000000
126998  34.956  68.406  0.391 0.0000000000
126999  34.060  68.631  0.663 0.0000000000
127000  33.843  68.610  -0.120 0.0000000000
127001  30.544  69.056  -0.088 0.0000000000
127002  30.132  68.372  0.393 0.0000000000
127003  23.400  68.260  0.293 0.0000000000
127004  23.077  68.974  0.484 0.0000000000
127008  46.993  69.157  -1.112 0.0000000000
127009  45.967  69.037  -0.693 0.0000000000
127010  44.177  68.462  -0.347 0.0000000000
127011  43.306  68.467  -0.239 0.0000000000
127012  42.339  68.492  -0.272 0.0000000000
127013  41.441  68.588  -0.432 0.0000000000
127014  40.686  68.471  -0.599 0.0000000000
127015  39.879  68.171  -0.713 0.0000000000
127016  38.781  67.726  -0.735 0.0000000000
127017  37.657  67.646  -0.541 0.0000000000
127018  36.668  67.795  -0.164 0.0000000000
127019  35.080  68.369  -0.432 0.0000000000
127020  30.051  68.429  -0.758 0.0000000000
127021  23.546  68.022  -0.255 0.0000000000
127022  23.141  68.535  -0.274 0.0000000000
127025  47.387  68.337  -1.384 0.0000000000
127026  46.556  68.258  -1.419 0.0000000000
127027  45.085  68.084  -0.833 0.0000000000
127028  40.299  68.100  -1.351 0.0000000000
127029  39.475  68.104  -1.522 0.0000000000
127030  38.131  67.861  -1.206 0.0000000000
127031  37.523  68.153  -1.384 0.0000000000
127032  35.977  68.251  -0.793 0.0000000000
127033  35.168  68.670  -1.215 0.0000000000
127036  23.303  67.959  -0.825 0.0000000000
127037  22.743  68.132  -1.245 0.0000000000
127042  40.105  68.150  -2.132 0.0000000000
127043  39.218  68.355  -2.204 0.0000000000
127044  37.671  68.750  -2.039 0.0000000000
127054  39.811  68.653  -2.762 0.0000000000
127379  23.566  69.442  14.941 0.0000000000
127391  22.882  69.942  13.817 0.0000000000
127404  22.803  69.177  13.382 0.0000000000
127415  22.601  69.186  12.510 0.0000000000
127425  22.568  69.270  11.633 0.0000000000
127434  23.373  69.323  10.022 0.0000000000
127435  22.782  69.374  10.798 0.0000000000
127443  24.587  69.853  8.375 0.0000000000
127444  24.137  69.135  9.114 0.0000000000
127454  33.987  69.956  7.366 0.0000000000
127456  32.496  68.927  7.895 0.0000000000
127457  24.677  69.361  7.957 0.0000000000
127458  24.449  69.304  7.835 0.0000000000
127459  23.583  69.281  7.512 0.0000000000
127464  34.701  69.652  6.673 0.0000000000
127465  34.141  68.910  6.872 0.0000000000
127466  22.487  69.304  7.203 0.0000000000
127467  21.693  69.370  6.647 0.0000000000
127471  35.360  69.450  5.234 0.0000000000
127472  34.924  68.874  5.240 0.0000000000
127473  21.295  69.539  6.019 0.0000000000
127478  35.514  69.766  4.407 0.0000000000
127479  35.091  69.087  4.345 0.0000000000
127480  21.260  69.314  5.220 0.0000000000
127486  35.401  69.793  3.372 0.0000000000
127487  34.878  69.151  3.417 0.0000000000
127488  21.667  69.889  3.616 0.0000000000
127489  21.453  69.160  4.244 0.0000000000
127495  39.374  70.161  2.487 0.0000000000
127496  38.808  69.452  2.197 0.0000000000
127497  37.858  69.594  2.349 0.0000000000
127498  36.661  69.959  2.352 0.0000000000
127499  35.620  69.966  2.508 0.0000000000
127500  34.883  69.278  2.549 0.0000000000
127501  33.632  68.920  2.335 0.0000000000
127502  32.285  69.553  2.242 0.0000000000
127503  30.142  70.719  2.582 0.0000000000
127504  29.838  70.011  2.309 0.0000000000
127505  22.330  69.965  2.522 0.0000000000
127513  40.246  69.507  1.547 0.0000000000
127514  39.560  69.407  1.892 0.0000000000
127515  38.344  68.732  1.858 0.0000000000
127516  37.373  68.777  1.961 0.0000000000
127517  36.367  68.931  1.813 0.0000000000
127518  35.145  69.382  1.971 0.0000000000
127519  34.242  68.931  1.755 0.0000000000
127520  33.231  69.085  1.454 0.0000000000
127521  31.940  70.303  1.927 0.0000000000
127522  30.043  70.592  1.870 0.0000000000
127523  22.682  69.800  1.682 0.0000000000
127529  44.986  70.541  0.275 0.0000000000
127530  43.075  70.107  0.299 0.0000000000
127531  42.113  69.971  0.290 0.0000000000
127532  40.588  69.275  0.678 0.0000000000
127533  39.739  68.747  1.085 0.0000000000
127534  33.241  69.029  0.366 0.0000000000
127535  32.480  69.560  1.052 0.0000000000
127536  30.664  69.900  0.490 0.0000000000
127537  22.942  69.753  0.778 0.0000000000
127541  47.451  69.911  -0.291 0.0000000000
127542  46.698  70.031  -0.406 0.0000000000
127543  45.450  69.800  -0.196 0.0000000000
127544  44.031  69.376  0.033 0.0000000000
127545  42.774  69.204  0.087 0.0000000000
127546  41.802  69.239  -0.042 0.0000000000
127547  40.982  69.126  -0.105 0.0000000000
127548  34.290  68.689  -0.832 0.0000000000
127549  33.429  69.127  -0.581 0.0000000000
127550  32.600  69.615  -0.081 0.0000000000
127553  22.822  69.296  0.139 0.0000000000
127554  21.952  69.443  -0.349 0.0000000000
127558  36.844  68.802  -1.678 0.0000000000
127559  33.852  69.335  -1.433 0.0000000000
127560  32.976  69.950  -1.156 0.0000000000
127564  22.302  68.722  -0.760 0.0000000000
127570  38.954  68.986  -2.838 0.0000000000
127571  37.232  69.647  -2.200 0.0000000000
127572  36.273  69.764  -2.027 0.0000000000
127573  35.301  69.348  -1.805 0.0000000000
127584  38.784  69.752  -3.408 0.0000000000
127855  24.222  71.126  16.290 0.0000000000
127860  23.742  71.036  15.583 0.0000000000
127868  23.398  70.438  14.939 0.0000000000
127869  23.033  70.661  14.282 0.0000000000
127881  22.732  70.709  13.459 0.0000000000
127891  22.633  70.769  12.593 0.0000000000
127899  23.148  70.847  10.893 0.0000000000
127900  22.763  70.085  11.264 0.0000000000
127908  23.643  70.724  10.234 0.0000000000
127909  23.275  70.105  10.469 0.0000000000
127914  24.688  70.756  8.787 0.0000000000
127915  24.044  70.141  9.545 0.0000000000
127919  24.847  70.569  8.100 0.0000000000
127925  24.822  70.688  7.987 0.0000000000
127926  24.276  70.526  7.729 0.0000000000
127927  23.031  70.077  7.532 0.0000000000
127928  22.044  70.772  7.280 0.0000000000
127934  34.699  70.449  6.967 0.0000000000
127935  22.042  69.955  7.130 0.0000000000
127936  21.375  70.252  6.518 0.0000000000
127941  35.732  70.237  5.049 0.0000000000
127942  21.121  70.144  5.570 0.0000000000
127948  35.783  70.486  3.906 0.0000000000
127955  35.834  70.639  2.949 0.0000000000
127956  22.050  70.719  3.171 0.0000000000
127957  21.371  70.680  4.089 0.0000000000
127963  40.117  70.509  2.570 0.0000000000
127964  38.439  70.304  2.583 0.0000000000
127965  37.407  70.656  2.629 0.0000000000
127966  36.019  70.536  2.570 0.0000000000
127967  31.269  70.660  2.392 0.0000000000
127968  30.868  71.504  2.579 0.0000000000
127969  30.455  71.446  2.544 0.0000000000
127970  30.072  70.985  2.439 0.0000000000
127971  22.685  70.903  2.275 0.0000000000
127979  41.648  70.465  0.924 0.0000000000
127980  40.526  70.170  1.965 0.0000000000
127981  31.479  70.918  2.007 0.0000000000
127982  30.283  71.386  2.280 0.0000000000
127983  22.916  71.108  1.636 0.0000000000
127988  45.942  71.660  0.590 0.0000000000
127989  43.456  71.040  0.517 0.0000000000
127990  42.525  70.724  0.581 0.0000000000
127991  40.907  69.923  1.166 0.0000000000
127992  32.064  70.413  0.889 0.0000000000
127993  30.725  70.868  0.964 0.0000000000
127994  22.165  70.727  0.653 0.0000000000
127999  46.345  70.850  0.106 0.0000000000
128000  32.330  70.524  -0.463 0.0000000000
128002  22.511  70.008  0.462 0.0000000000
128003  21.548  70.148  -0.051 0.0000000000
128004  20.573  70.347  -0.540 0.0000000000
128008  34.523  69.751  -1.964 0.0000000000
128009  33.713  70.159  -1.916 0.0000000000
128010  32.592  70.834  -1.379 0.0000000000
128013  20.976  69.627  -0.865 0.0000000000
128022  37.620  70.341  -2.654 0.0000000000
128023  36.874  70.569  -2.323 0.0000000000
128024  35.313  70.211  -2.269 0.0000000000
128025  34.435  70.599  -2.397 0.0000000000
128026  33.617  70.940  -2.316 0.0000000000
128283  23.854  71.797  16.194 0.0000000000
128287  23.447  72.038  15.551 0.0000000000
128298  23.190  71.479  14.823 0.0000000000
128299  22.841  71.491  13.930 0.0000000000
128309  22.668  71.518  13.067 0.0000000000
128317  23.100  72.269  12.011 0.0000000000
128318  22.777  71.581  12.241 0.0000000000
128327  23.209  71.735  11.353 0.0000000000
128328  22.746  70.848  11.726 0.0000000000
128332  24.503  71.943  9.933 0.0000000000
128337  24.847  71.499  9.109 0.0000000000
128338  24.245  71.069  9.682 0.0000000000
128342  25.031  71.433  8.261 0.0000000000
128348  24.722  71.170  7.894 0.0000000000
128349  24.100  71.397  7.711 0.0000000000
128350  22.893  71.698  7.670 0.0000000000
128351  21.781  71.816  7.262 0.0000000000
128356  20.992  71.772  6.337 0.0000000000
128363  20.845  71.741  5.342 0.0000000000
128368  36.571  72.299  4.525 0.0000000000
128369  36.077  71.115  4.558 0.0000000000
128370  21.153  71.387  4.487 0.0000000000
128377  39.746  71.660  3.119 0.0000000000
128378  38.905  71.668  3.138 0.0000000000
128379  37.055  72.290  3.199 0.0000000000
128380  36.604  71.632  3.119 0.0000000000
128381  36.123  71.158  3.433 0.0000000000
128382  22.415  71.535  2.821 0.0000000000
128383  21.609  71.469  3.684 0.0000000000
128389  41.079  71.642  2.858 0.0000000000
128390  39.570  71.016  2.798 0.0000000000
128391  38.908  70.856  2.775 0.0000000000
128392  37.110  71.591  2.872 0.0000000000
128393  36.534  70.988  2.754 0.0000000000
128394  30.729  72.160  2.454 0.0000000000
128395  22.979  71.635  2.068 0.0000000000
128401  44.018  72.076  0.824 0.0000000000
128402  43.007  71.941  1.264 0.0000000000
128403  41.548  70.974  1.885 0.0000000000
128404  40.904  70.774  2.482 0.0000000000
128405  31.455  71.362  1.753 0.0000000000
128406  30.900  72.345  2.530 0.0000000000
128407  30.611  72.112  2.419 0.0000000000
128408  22.883  71.656  1.493 0.0000000000
128413  45.487  72.421  0.935 0.0000000000
128414  42.277  71.199  1.121 0.0000000000
128415  31.983  71.272  0.320 0.0000000000
128416  31.375  72.156  1.151 0.0000000000
128418  22.607  71.341  1.059 0.0000000000
128419  21.861  71.487  0.780 0.0000000000
128420  20.819  71.669  0.435 0.0000000000
128425  32.259  71.529  -0.853 0.0000000000
128427  21.112  70.858  0.235 0.0000000000
128428  20.218  71.131  -0.321 0.0000000000
128429  19.365  71.431  -0.846 0.0000000000
128436  33.046  71.280  -1.933 0.0000000000
128440  19.732  70.629  -1.159 0.0000000000
128452  36.472  71.457  -2.520 0.0000000000
128453  35.321  71.237  -2.575 0.0000000000
128455  33.536  71.751  -2.389 0.0000000000
128685  23.651  72.616  16.209 0.0000000000
128691  23.328  72.931  15.540 0.0000000000
128700  22.957  72.450  14.225 0.0000000000
128701  22.792  72.174  13.469 0.0000000000
128710  22.976  72.964  13.344 0.0000000000
128711  22.885  72.386  12.722 0.0000000000
128722  23.387  72.992  12.174 0.0000000000
128727  24.484  73.403  11.205 0.0000000000
128731  25.812  73.592  10.010 0.0000000000
128732  24.945  72.954  10.365 0.0000000000
128733  23.966  72.367  10.793 0.0000000000
128737  25.306  72.479  9.230 0.0000000000
128742  25.913  73.358  9.082 0.0000000000
128743  25.411  72.596  8.304 0.0000000000
128751  25.750  73.421  8.337 0.0000000000
128752  24.919  72.068  7.832 0.0000000000
128753  23.815  72.325  7.718 0.0000000000
128754  22.541  72.442  7.602 0.0000000000
128755  21.790  72.732  7.343 0.0000000000
128763  21.154  72.683  6.652 0.0000000000
128772  20.803  72.995  5.991 0.0000000000
128779  21.171  72.286  4.352 0.0000000000
128786  40.374  72.733  3.471 0.0000000000
128787  39.580  72.418  3.403 0.0000000000
128788  38.546  72.710  3.442 0.0000000000
128789  37.100  72.814  3.568 0.0000000000
128790  36.830  72.387  3.540 0.0000000000
128791  22.792  72.296  2.430 0.0000000000
128792  22.040  72.285  3.305 0.0000000000
128797  40.345  72.027  3.254 0.0000000000
128798  37.810  72.064  3.175 0.0000000000
128799  30.846  72.908  2.616 0.0000000000
128800  23.221  73.061  2.062 0.0000000000
128805  43.013  72.533  1.965 0.0000000000
128806  42.215  71.546  1.788 0.0000000000
128809  23.176  73.118  1.886 0.0000000000
128810  22.538  72.942  1.450 0.0000000000
128818  44.878  72.867  1.465 0.0000000000
128822  22.506  72.017  1.229 0.0000000000
128823  21.651  72.325  0.921 0.0000000000
128824  20.618  72.576  0.593 0.0000000000
128825  19.756  72.830  0.250 0.0000000000
128834  19.960  71.992  -0.049 0.0000000000
128835  19.139  72.291  -0.442 0.0000000000
129066  24.106  73.841  17.195 0.0000000000
129074  24.083  73.084  16.997 0.0000000000
129075  23.602  73.597  16.293 0.0000000000
129081  23.391  73.865  15.282 0.0000000000
129091  23.518  74.165  14.346 0.0000000000
129097  23.547  73.935  13.017 0.0000000000
129103  23.786  73.737  12.258 0.0000000000
129108  24.054  73.596  11.801 0.0000000000
129112  25.933  74.057  10.277 0.0000000000
129113  25.467  73.927  10.825 0.0000000000
129118  26.222  74.027  9.570 0.0000000000
129122  26.268  73.918  8.908 0.0000000000
129129  26.056  74.170  8.273 0.0000000000
129130  25.325  73.909  7.713 0.0000000000
129131  23.813  73.345  7.677 0.0000000000
129132  22.389  73.273  7.577 0.0000000000
129133  21.504  73.419  7.121 0.0000000000
129141  21.049  73.525  6.404 0.0000000000
129148  20.865  73.609  5.516 0.0000000000
129158  21.007  73.177  4.697 0.0000000000
129168  22.554  72.991  2.783 0.0000000000
129169  21.582  73.216  3.738 0.0000000000
129183  23.365  73.820  1.946 0.0000000000
129184  23.034  73.702  2.347 0.0000000000
129195  23.137  73.891  1.748 0.0000000000
129196  22.154  73.767  1.373 0.0000000000
129197  21.167  73.972  1.005 0.0000000000
129207  21.428  73.179  0.990 0.0000000000
129208  20.452  73.405  0.678 0.0000000000
129209  19.616  73.610  0.420 0.0000000000
129210  18.817  73.764  0.190 0.0000000000
129214  19.023  73.108  -0.119 0.0000000000
129215  18.326  73.378  -0.472 0.0000000000
129421  23.866  74.524  16.920 0.0000000000
129426  23.597  74.592  15.826 0.0000000000
129431  23.794  74.822  14.728 0.0000000000
129442  24.441  75.529  13.592 0.0000000000
129443  24.314  75.101  13.776 0.0000000000
129444  20.144  74.642  14.079 0.0000000000
129450  24.152  74.868  13.218 0.0000000000
129451  23.297  74.838  12.787 0.0000000000
129452  22.351  74.785  13.112 0.0000000000
129453  21.273  74.529  13.307 0.0000000000
129454  20.203  74.387  13.270 0.0000000000
129455  19.436  74.448  12.983 0.0000000000
129464  23.788  74.169  12.417 0.0000000000
129465  23.444  74.382  12.281 0.0000000000
129466  22.197  74.402  12.489 0.0000000000
129467  20.849  74.271  12.448 0.0000000000
129468  19.865  74.341  12.377 0.0000000000
129469  19.080  74.563  12.360 0.0000000000
129474  24.728  74.061  11.456 0.0000000000
129475  23.352  74.328  11.437 0.0000000000
129476  21.494  74.231  11.617 0.0000000000
129477  19.466  74.533  11.677 0.0000000000
129478  18.861  74.809  11.730 0.0000000000
129483  26.037  74.354  9.702 0.0000000000
129484  25.501  74.065  10.714 0.0000000000
129485  24.403  74.300  11.059 0.0000000000
129486  22.949  74.463  10.453 0.0000000000
129487  20.203  74.597  10.669 0.0000000000
129488  19.696  74.618  11.039 0.0000000000
129495  25.094  74.554  10.041 0.0000000000
129496  23.643  74.696  9.927 0.0000000000
129497  22.450  74.825  9.743 0.0000000000
129503  26.423  75.107  8.317 0.0000000000
129511  26.443  75.576  7.901 0.0000000000
129512  25.415  74.992  7.601 0.0000000000
129513  21.956  73.981  7.432 0.0000000000
129514  21.421  74.187  6.883 0.0000000000
129523  22.256  74.807  7.272 0.0000000000
129524  21.392  75.145  6.370 0.0000000000
129534  21.074  74.550  5.402 0.0000000000
129541  21.163  74.041  4.525 0.0000000000
129548  22.638  74.273  2.810 0.0000000000
129549  21.792  74.093  3.581 0.0000000000
129552  23.432  74.497  1.950 0.0000000000
129553  23.361  74.420  2.132 0.0000000000
129558  23.048  74.574  1.682 0.0000000000
129559  21.963  74.519  1.352 0.0000000000
129560  20.914  74.732  0.946 0.0000000000
129561  20.017  74.866  0.830 0.0000000000
129565  20.276  74.174  0.712 0.0000000000
129566  19.401  74.274  0.611 0.0000000000
129567  18.488  74.356  0.522 0.0000000000
129568  17.555  74.577  0.239 0.0000000000
129573  18.032  73.996  -0.173 0.0000000000
129788  24.281  76.316  15.580 0.0000000000
129789  23.847  75.417  16.411 0.0000000000
129796  24.752  76.197  14.294 0.0000000000
129797  24.073  75.508  15.114 0.0000000000
129798  20.794  75.787  15.247 0.0000000000
129799  19.818  75.658  15.333 0.0000000000
129800  18.891  75.755  15.246 0.0000000000
129801  18.107  76.103  15.035 0.0000000000
129813  24.758  75.891  13.815 0.0000000000
129814  24.486  75.541  14.176 0.0000000000
129815  22.694  75.797  13.984 0.0000000000
129816  21.455  75.525  14.569 0.0000000000
129817  20.422  75.180  14.731 0.0000000000
129818  19.381  75.074  14.594 0.0000000000
129819  18.327  75.424  14.480 0.0000000000
129820  17.607  75.450  13.811 0.0000000000
129829  24.093  75.363  13.224 0.0000000000
129830  23.175  75.319  13.271 0.0000000000
129831  21.967  75.122  13.717 0.0000000000
129832  20.956  74.867  14.072 0.0000000000
129833  19.433  74.606  13.704 0.0000000000
129834  18.693  74.695  13.162 0.0000000000
129835  17.135  75.552  13.121 0.0000000000
129836  16.845  75.746  12.510 0.0000000000
129842  23.910  74.703  12.875 0.0000000000
129843  18.283  75.002  12.222 0.0000000000
129844  17.433  75.391  12.386 0.0000000000
129847  19.155  75.011  11.151 0.0000000000
129848  18.483  75.295  11.344 0.0000000000
129849  17.740  75.538  11.571 0.0000000000
129853  21.481  75.074  9.616 0.0000000000
129854  20.575  74.997  10.037 0.0000000000
129855  19.644  75.188  10.475 0.0000000000
129856  18.868  75.628  10.710 0.0000000000
129862  26.332  75.103  8.727 0.0000000000
129863  25.651  75.121  9.174 0.0000000000
129864  24.209  75.187  9.347 0.0000000000
129865  22.280  75.428  9.303 0.0000000000
129870  26.673  75.989  8.106 0.0000000000
129871  26.124  75.867  8.451 0.0000000000
129872  24.718  75.917  8.661 0.0000000000
129880  26.744  76.271  7.931 0.0000000000
129881  26.050  75.996  7.620 0.0000000000
129882  24.375  75.872  7.528 0.0000000000
129883  22.944  75.685  7.370 0.0000000000
129892  22.131  75.598  6.919 0.0000000000
129899  21.239  75.477  5.180 0.0000000000
129904  21.488  74.754  4.014 0.0000000000
129906  23.213  75.766  2.497 0.0000000000
129907  22.841  75.057  2.754 0.0000000000
129908  21.966  75.428  3.622 0.0000000000
129912  23.497  75.125  2.091 0.0000000000
129917  23.426  75.179  1.898 0.0000000000
129918  22.593  75.201  1.566 0.0000000000
129919  21.546  75.249  1.254 0.0000000000
129920  20.610  75.406  1.077 0.0000000000
129921  19.616  75.493  1.304 0.0000000000
129922  18.570  75.547  1.592 0.0000000000
129928  19.075  74.903  1.031 0.0000000000
130163  24.451  77.256  16.215 0.0000000000
130175  22.721  77.043  14.893 0.0000000000
130176  21.461  76.517  15.437 0.0000000000
130177  20.356  76.419  15.727 0.0000000000
130178  19.331  76.483  15.724 0.0000000000
130179  18.410  76.585  15.619 0.0000000000
130192  24.868  76.538  14.056 0.0000000000
130193  24.610  76.664  13.941 0.0000000000
130194  23.451  76.558  14.157 0.0000000000
130195  22.158  76.233  14.691 0.0000000000
130203  24.628  76.035  13.679 0.0000000000
130204  23.974  76.031  13.491 0.0000000000
130205  16.953  76.022  13.806 0.0000000000
130212  16.394  76.159  12.102 0.0000000000
130215  18.125  75.935  10.920 0.0000000000
130220  20.005  75.693  9.895 0.0000000000
130221  19.366  76.063  10.160 0.0000000000
130222  18.632  76.439  10.447 0.0000000000
130229  23.292  75.765  9.063 0.0000000000
130230  22.422  76.229  8.946 0.0000000000
130231  21.528  75.939  9.177 0.0000000000
130232  20.708  75.785  9.482 0.0000000000
130233  20.024  76.591  9.597 0.0000000000
130238  26.397  76.827  8.225 0.0000000000
130239  23.637  76.707  8.616 0.0000000000
130247  26.608  76.860  7.864 0.0000000000
130248  25.154  76.924  7.599 0.0000000000
130249  23.486  76.549  7.331 0.0000000000
130250  22.441  76.289  6.923 0.0000000000
130256  21.702  76.129  6.391 0.0000000000
130257  21.384  76.013  5.834 0.0000000000
130262  21.375  76.304  5.264 0.0000000000
130265  22.154  76.813  3.871 0.0000000000
130266  21.538  76.117  4.357 0.0000000000
130268  23.195  76.344  2.422 0.0000000000
130269  23.056  76.461  3.008 0.0000000000
130270  22.264  76.152  3.542 0.0000000000
130274  23.524  75.826  2.064 0.0000000000
130279  23.038  75.867  1.785 0.0000000000
130280  22.184  76.491  1.650 0.0000000000
130281  21.007  76.651  1.366 0.0000000000
130526  18.424  77.908  17.156 0.0000000000
130532  24.549  78.326  17.012 0.0000000000
130533  21.363  78.030  16.419 0.0000000000
130534  20.282  77.937  16.571 0.0000000000
130535  19.319  77.916  16.595 0.0000000000
130536  18.667  77.698  16.609 0.0000000000
130546  25.006  77.999  15.215 0.0000000000
130547  24.594  78.182  14.893 0.0000000000
130548  23.328  77.907  15.179 0.0000000000
130549  22.019  77.449  15.738 0.0000000000
130550  20.899  77.148  16.163 0.0000000000
130551  19.827  77.181  16.190 0.0000000000
130552  18.889  77.255  16.118 0.0000000000
130562  24.848  77.070  14.690 0.0000000000
130563  24.919  77.436  14.610 0.0000000000
130564  24.104  77.394  14.456 0.0000000000
130586  19.219  76.994  9.988 0.0000000000
130587  18.443  77.412  10.281 0.0000000000
130595  21.732  76.871  8.940 0.0000000000
130596  21.236  77.725  8.988 0.0000000000
130597  20.426  77.547  9.265 0.0000000000
130603  26.760  77.309  8.032 0.0000000000
130604  26.638  77.440  8.131 0.0000000000
130605  26.109  77.708  8.274 0.0000000000
130606  24.766  77.863  8.447 0.0000000000
130607  23.348  77.922  8.654 0.0000000000
130608  22.156  77.894  8.762 0.0000000000
130616  26.438  77.654  7.860 0.0000000000
130617  26.241  78.583  7.911 0.0000000000
130618  24.043  77.484  7.253 0.0000000000
130619  22.726  77.108  6.906 0.0000000000
130624  23.227  78.054  6.763 0.0000000000
130625  22.194  77.496  6.316 0.0000000000
130626  21.585  76.829  5.864 0.0000000000
130628  22.025  77.866  5.515 0.0000000000
130630  22.205  77.629  4.260 0.0000000000
130631  21.591  76.982  4.913 0.0000000000
130633  23.173  77.421  2.632 0.0000000000
130634  22.864  77.236  3.292 0.0000000000
130637  22.971  77.895  2.392 0.0000000000
130644  23.107  76.656  2.113 0.0000000000
130645  22.621  77.226  1.951 0.0000000000
130646  21.654  77.391  1.649 0.0000000000
130647  20.555  77.308  1.649 0.0000000000
130648  19.536  77.203  2.246 0.0000000000
130851  18.676  79.213  19.075 0.0000000000
130854  25.890  79.674  20.100 0.0000000000
130859  18.594  78.827  18.140 0.0000000000
130864  25.087  79.254  18.725 0.0000000000
130865  19.427  79.227  17.345 0.0000000000
130866  18.978  78.529  17.035 0.0000000000
130871  24.589  79.206  17.022 0.0000000000
130872  22.542  78.408  15.947 0.0000000000
130873  20.696  78.840  16.845 0.0000000000
130874  19.692  78.735  16.909 0.0000000000
130882  24.628  78.713  15.827 0.0000000000
130883  24.565  78.658  15.514 0.0000000000
130884  23.823  78.765  15.473 0.0000000000
130909  20.102  78.460  9.495 0.0000000000
130913  26.635  77.577  8.107 0.0000000000
130914  26.387  78.110  8.095 0.0000000000
130915  25.865  78.901  8.228 0.0000000000
130916  24.547  79.388  8.569 0.0000000000
130917  22.913  79.087  8.667 0.0000000000
130918  21.740  79.036  8.849 0.0000000000
130920  26.173  79.739  8.096 0.0000000000
130921  25.752  79.441  7.719 0.0000000000
130923  24.122  79.462  6.854 0.0000000000
130924  22.753  78.532  6.274 0.0000000000
130931  22.649  78.985  5.587 0.0000000000
130938  22.480  78.533  4.541 0.0000000000
130947  23.152  78.980  3.608 0.0000000000
130948  22.934  78.029  3.429 0.0000000000
130959  23.413  78.506  2.793 0.0000000000
130960  23.325  78.993  2.578 0.0000000000
130975  22.605  78.763  2.135 0.0000000000
130976  21.705  78.301  1.801 0.0000000000
130977  20.906  78.743  1.809 0.0000000000
130978  20.253  77.992  2.069 0.0000000000
131146  19.971  81.759  20.279 0.0000000000
131147  19.263  80.354  19.526 0.0000000000
131151  25.388  80.317  19.432 0.0000000000
131153  19.692  80.836  18.942 0.0000000000
131154  19.134  79.733  18.432 0.0000000000
131157  24.668  80.332  17.909 0.0000000000
131158  22.122  80.556  17.303 0.0000000000
131159  21.224  79.909  17.200 0.0000000000
131160  19.627  80.122  17.879 0.0000000000
131161  19.030  79.196  17.616 0.0000000000
131165  24.518  79.719  16.622 0.0000000000
131166  24.328  79.915  16.352 0.0000000000
131167  23.096  79.432  16.287 0.0000000000
131168  22.243  79.827  16.894 0.0000000000
131169  20.073  79.616  17.272 0.0000000000
131175  24.485  79.273  15.955 0.0000000000
131176  24.158  79.447  15.868 0.0000000000
131199  21.026  80.608  9.311 0.0000000000
131200  20.619  80.749  10.013 0.0000000000
131201  20.007  79.624  9.886 0.0000000000
131205  25.609  81.746  8.510 0.0000000000
131206  23.210  80.844  8.599 0.0000000000
131207  21.774  80.397  9.067 0.0000000000
131212  26.035  81.354  8.095 0.0000000000
131213  25.684  80.690  7.671 0.0000000000
131224  25.699  81.858  7.511 0.0000000000
131225  24.780  80.949  6.833 0.0000000000
131226  23.373  79.686  6.264 0.0000000000
131238  23.580  80.408  6.355 0.0000000000
131239  23.135  79.836  5.595 0.0000000000
131249  23.317  80.351  4.921 0.0000000000
131250  22.988  79.452  4.657 0.0000000000
131259  23.636  80.071  3.966 0.0000000000
131265  23.785  79.371  2.973 0.0000000000
131266  23.935  79.999  2.749 0.0000000000
131267  20.472  79.495  2.228 0.0000000000
131277  23.336  79.704  2.308 0.0000000000
131278  22.269  79.614  1.930 0.0000000000
131279  21.319  79.538  1.889 0.0000000000
131431  25.289  80.875  19.733 0.0000000000
131435  19.453  81.115  20.715 0.0000000000
131439  24.941  80.780  18.926 0.0000000000
131440  24.669  81.340  19.358 0.0000000000
131441  21.120  81.681  18.650 0.0000000000
131442  20.885  82.158  19.633 0.0000000000
131443  20.254  81.643  19.522 0.0000000000
131446  24.432  81.034  18.069 0.0000000000
131447  23.689  81.353  17.877 0.0000000000
131448  22.627  81.394  17.820 0.0000000000
131449  21.541  81.131  17.783 0.0000000000
131450  20.513  80.658  17.791 0.0000000000
131451  20.260  81.219  18.636 0.0000000000
131455  24.407  80.337  17.014 0.0000000000
131456  24.108  80.578  16.970 0.0000000000
131457  23.140  80.530  16.986 0.0000000000
131489  25.592  82.259  8.106 0.0000000000
131490  25.343  82.179  8.370 0.0000000000
131491  24.567  81.707  8.494 0.0000000000
131501  25.456  82.236  7.899 0.0000000000
131502  24.346  81.646  7.871 0.0000000000
131503  22.038  80.337  7.976 0.0000000000
131513  24.622  81.421  7.004 0.0000000000
131514  23.248  80.693  6.871 0.0000000000
131515  22.135  80.067  6.781 0.0000000000
131520  23.323  80.381  6.206 0.0000000000
131521  22.259  80.094  6.046 0.0000000000
131526  24.991  82.207  4.494 0.0000000000
131527  24.132  81.281  4.680 0.0000000000
131528  23.560  81.335  4.957 0.0000000000
131529  22.598  81.168  4.799 0.0000000000
131535  24.339  80.959  3.601 0.0000000000
131541  25.070  82.011  3.960 0.0000000000
131542  24.482  81.430  3.223 0.0000000000
131543  23.832  80.845  2.530 0.0000000000
131549  22.752  80.578  2.033 0.0000000000
131550  21.710  80.360  1.867 0.0000000000
131680  21.311  82.720  20.767 0.0000000000
131681  20.589  82.303  20.316 0.0000000000
131686  21.837  82.376  19.765 0.0000000000
131691  23.210  82.045  18.845 0.0000000000
131692  22.151  81.967  18.703 0.0000000000
131725  25.477  82.295  8.203 0.0000000000
131726  25.285  82.211  8.230 0.0000000000
131742  23.688  82.202  4.700 0.0000000000
131746  25.203  82.772  4.463 0.0000000000
131753  25.043  82.578  3.785 0.0000000000
131754  24.263  82.182  2.906 0.0000000000
131755  23.329  82.943  2.591 0.0000000000
131762  22.437  82.722  1.849 0.0000000000
131930  25.214  83.015  4.451 0.0000000000
131934  25.042  83.396  4.189 0.0000000000
131935  24.161  83.282  3.503 0.0000000000
131941  25.181  83.247  4.233 0.0000000000
131942  24.473  83.278  3.648 0.0000000000
131943  23.186  83.648  2.841 0.0000000000
131951  22.532  83.592  2.238 0.0000000000
132560  24.206  74.134  11.861 0.0000000000
132649  23.215  80.934  8.439 0.0000000000
132838  23.535  80.918  5.229 0.0000000000
132943  23.756  65.643  1.850 0.0000000000
133726  23.238  73.209  12.710 0.0000000000
133816  23.107  72.390  1.873 0.0000000000
133850  24.227  74.254  7.603 0.0000000000
133928  22.891  70.693  1.051 0.0000000000
134003  24.111  76.379  17.070 0.0000000000
134070  22.731  80.586  7.607 0.0000000000
134343  21.091  74.394  10.624 0.0000000000
134433  20.778  72.391  5.950 0.0000000000
134436  22.887  74.122  7.645 0.0000000000
134437  25.008  72.899  7.664 0.0000000000
134723  21.055  74.206  6.150 0.0000000000
134885  20.789  72.711  5.320 0.0000000000
134909  20.893  76.694  9.170 0.0000000000
134943  36.078  70.658  -2.371 0.0000000000
135128  21.054  70.807  5.023 0.0000000000
135172  23.856  64.981  2.552 0.0000000000
135229  16.421  76.097  12.984 0.0000000000
135544  23.161  73.201  14.769 0.0000000000
135890  17.864  75.133  13.089 0.0000000000
136089  23.119  70.939  7.626 0.0000000000
136177  20.938  70.955  5.943 0.0000000000
136334  23.626  72.709  11.552 0.0000000000
136456  22.174  74.273  10.927 0.0000000000
136645  21.242  69.985  4.607 0.0000000000
136928  36.403  71.746  3.889 0.0000000000
136944  37.555  72.824  3.458 0.0000000000
136945  22.100  75.745  1.501 0.0000000000
137143  30.712  70.846  2.659 0.0000000000
137307  25.521  64.491  8.625 0.0000000000
137362  35.791  69.765  2.135 0.0000000000
137485  21.266  75.927  1.302 0.0000000000
137546  40.319  71.257  2.841 0.0000000000
137562  38.107  69.411  -2.676 0.0000000000
137605  43.003  71.410  0.758 0.0000000000
137610  24.830  65.734  7.782 0.0000000000
137647  34.588  69.089  -1.503 0.0000000000
137725  33.003  68.447  3.173 0.0000000000
137895  30.535  70.109  2.638 0.0000000000
137971  21.221  74.828  4.708 0.0000000000
138055  41.328  69.684  0.438 0.0000000000
138057  22.586  70.003  12.126 0.0000000000
138083  23.719  74.383  13.596 0.0000000000
138129  22.649  74.184  1.522 0.0000000000
138135  20.275  76.038  1.374 0.0000000000
138172  38.098  71.190  2.881 0.0000000000
138195  24.119  63.975  5.798 0.0000000000
138279  23.709  71.460  10.474 0.0000000000
138299  38.408  68.566  -2.235 0.0000000000
138439  22.385  77.893  1.989 0.0000000000
138545  25.492  73.422  7.895 0.0000000000
138614  23.138  67.533  10.036 0.0000000000
138911  20.833  78.624  9.164 0.0000000000
139028  44.626  71.376  0.564 0.0000000000
139070  24.283  74.158  11.850 0.0000000000
139073  35.990  68.827  -1.507 0.0000000000
139571  32.207  67.031  3.484 0.0000000000
139659  43.840  72.752  1.585 0.0000000000
139920  21.305  71.099  6.681 0.0000000000
140025  22.894  80.614  5.443 0.0000000000
140242  21.833  78.990  16.651 0.0000000000
140270  25.188  64.688  9.938 0.0000000000
140551  35.818  68.092  0.138 0.0000000000
140768  20.091  76.663  1.636 0.0000000000
140900  22.672  69.947  12.990 0.0000000000
140933  22.091  68.120  2.768 0.0000000000
141088  20.330  74.324  11.478 0.0000000000
142422  18.245  75.094  13.725 0.0000000000
142734  22.003  76.781  6.483 0.0000000000
142796  22.103  67.003  5.735 0.0000000000
142859  20.626  79.606  9.482 0.0000000000
143450  25.794  80.507  8.281 0.0000000000
143474  36.835  68.073  -1.004 0.0000000000
143821  24.447  68.095  8.072 0.0000000000
144166  24.715  81.581  8.671 0.0000000000
144279  22.818  70.481  1.623 0.0000000000
144352  27.287  62.548  6.915 0.0000000000
144451  20.944  80.132  2.036 0.0000000000
144481  23.761  80.512  8.763 0.0000000000
144754  24.471  65.574  1.448 0.0000000000
144786  24.737  79.797  17.847 0.0000000000
144917  23.211  69.944  14.469 0.0000000000
145052  43.082  66.465  -1.263 0.0000000000
145400  31.337  70.075  2.496 0.0000000000
145442  34.893  69.175  5.989 0.0000000000
145594  23.882  80.069  16.362 0.0000000000
145826  20.980  77.985  1.625 0.0000000000
146391  30.647  65.338  6.571 0.0000000000
146392  29.961  63.839  8.391 0.0000000000
146649  22.415  69.161  2.193 0.0000000000
146755  26.330  74.448  8.970 0.0000000000
146774  23.239  73.543  13.901 0.0000000000
146823  22.791  75.767  3.074 0.0000000000
146955  24.638  70.021  7.917 0.0000000000
147017  25.110  76.837  8.376 0.0000000000
147223  24.152  69.853  7.675 0.0000000000
147486  25.332  63.016  5.786 0.0000000000
147509  21.741  78.995  1.842 0.0000000000
147647  22.955  67.087  10.805 0.0000000000
147650  24.328  68.054  7.883 0.0000000000
147787  23.175  81.783  2.141 0.0000000000
147946  24.774  78.498  7.314 0.0000000000
148649  22.131  81.480  1.742 0.0000000000
148836  30.346  69.162  2.550 0.0000000000
149176  31.324  66.533  6.890 0.0000000000
149473  41.568  64.901  -1.767 0.0000000000
150050  23.191  80.274  5.711 0.0000000000
150097  44.880  68.882  -0.338 0.0000000000
150132  35.581  68.871  1.559 0.0000000000
150213  22.732  79.931  8.819 0.0000000000
150216  44.622  73.519  1.755 0.0000000000
150401  23.151  66.456  11.369 0.0000000000
150717  23.075  75.151  9.476 0.0000000000
151342  24.603  65.007  11.444 0.0000000000
151379  28.871  65.353  2.932 0.0000000000
151410  22.348  73.631  3.087 0.0000000000
151442  41.125  70.441  1.748 0.0000000000
151459  23.448  78.401  2.849 0.0000000000
151546  20.604  74.575  13.699 0.0000000000
151842  22.547  74.306  11.750 0.0000000000
152079  26.096  74.789  7.886 0.0000000000
152519  21.842  74.530  10.146 0.0000000000
152647  32.697  67.731  3.381 0.0000000000
152728  22.572  77.057  8.774 0.0000000000
152851  36.340  71.678  4.584 0.0000000000
153062  30.326  64.580  7.006 0.0000000000
153261  39.962  69.920  2.146 0.0000000000
153393  21.844  67.012  4.825 0.0000000000
153441  25.313  72.873  7.876 0.0000000000
153734  26.282  62.818  3.881 0.0000000000
153762  26.794  76.862  8.010 0.0000000000
153884  36.180  71.035  2.896 0.0000000000
153944  22.892  65.283  3.299 0.0000000000
154026  29.608  68.874  2.297 0.0000000000
154027  32.039  72.000  -0.043 0.0000000000
154152  21.415  75.983  15.038 0.0000000000
154373  22.911  72.411  1.651 0.0000000000
154590  38.663  68.104  -1.596 0.0000000000
155367  23.163  72.402  15.008 0.0000000000
155434  21.820  80.448  9.021 0.0000000000
155475  22.123  74.719  3.382 0.0000000000
155638  23.581  74.969  7.546 0.0000000000
155707  21.174  79.685  9.237 0.0000000000
155924  26.591  64.130  2.727 0.0000000000
155996  39.090  68.834  1.681 0.0000000000
156027  22.001  80.470  5.223 0.0000000000
156043  24.993  80.932  8.672 0.0000000000
156445  24.663  82.222  4.721 0.0000000000
156589  22.849  69.152  1.236 0.0000000000
156615  36.412  68.422  -1.285 0.0000000000
156779  18.796  74.906  13.966 0.0000000000
156991  24.996  78.162  15.109 0.0000000000
157303  33.141  70.603  -1.779 0.0000000000
157506  23.593  79.194  2.829 0.0000000000
157511  29.118  68.322  2.085 0.0000000000
157775  25.139  82.718  4.584 0.0000000000
157785  31.051  69.970  2.647 0.0000000000
157925  22.967  70.089  1.138 0.0000000000
157937  24.199  67.797  8.502 0.0000000000
158367  22.214  68.650  2.552 0.0000000000
158419  39.240  72.985  3.549 0.0000000000
158553  21.403  75.331  4.366 0.0000000000
158677  23.053  72.834  7.702 0.0000000000
158721  29.610  69.214  2.181 0.0000000000
158765  25.477  77.867  7.548 0.0000000000
158950  21.225  74.675  10.035 0.0000000000
159190  25.619  76.364  8.438 0.0000000000
159192  34.391  68.452  -0.089 0.0000000000
159397  19.774  77.518  9.621 0.0000000000
159430  43.984  70.400  0.391 0.0000000000
159675  36.197  68.344  1.296 0.0000000000
159839  22.401  71.312  7.484 0.0000000000
159847  31.987  67.600  3.003 0.0000000000
159889  23.596  67.052  0.625 0.0000000000
160524  23.855  66.732  9.143 0.0000000000
160591  29.787  64.468  4.172 0.0000000000
160650  29.238  63.599  4.659 0.0000000000
160824  38.061  68.252  -1.711 0.0000000000
160986  18.649  78.501  17.486 0.0000000000
161045  32.573  71.561  -1.565 0.0000000000
